0.000000	316666.984632	4158075.413331	5.000000	0.000000
1.000000	316666.971050	4158075.458778	5.000000	0.000000
2.000000	316667.152479	4158075.512470	5.000000	0.000000
3.000000	316667.345192	4158075.558308	5.000000	0.000000
4.000000	316667.534087	4158075.562605	5.000000	0.000000
5.000000	316667.732296	4158075.567114	5.000000	0.000000
6.000000	316667.919044	4158075.555423	5.000000	0.000000
7.000000	316668.115244	4158075.540707	5.000000	0.000000
8.000000	316668.296741	4158075.524676	5.000000	0.000000
9.000000	316668.459762	4158075.493968	5.000000	0.000000
10.000000	316668.634568	4158075.439088	5.000000	0.000000
11.000000	316668.794998	4158075.388721	5.000000	0.000000
12.000000	316668.950992	4158075.339747	5.000000	0.000000
13.000000	316669.128838	4158075.283913	5.000000	0.000000
14.000000	316669.266295	4158075.236539	5.000000	0.000000
15.000000	316669.394562	4158075.191686	5.000000	0.000000
16.000000	316669.551811	4158075.136699	5.000000	0.000000
17.000000	316669.725160	4158075.076081	5.000000	0.000000
18.000000	316669.901729	4158075.014337	5.000000	0.000000
19.000000	316670.068638	4158074.955972	5.000000	0.000000
20.000000	316670.213007	4158074.905488	5.000000	0.000000
21.000000	316670.398688	4158074.840954	5.000000	0.000000
22.000000	316670.562474	4158074.791880	5.000000	0.000000
23.000000	316670.701900	4158074.750104	5.000000	0.000000
24.000000	316670.863095	4158074.701807	5.000000	0.000000
25.000000	316671.033620	4158074.650714	5.000000	0.000000
26.000000	316671.201034	4158074.600552	5.000000	0.000000
27.000000	316671.352900	4158074.555050	5.000000	0.000000
28.000000	316671.524331	4158074.503685	5.000000	0.000000
29.000000	316671.700753	4158074.454967	5.000000	0.000000
30.000000	316671.890787	4158074.405187	5.000000	0.000000
31.000000	316672.046213	4158074.364473	5.000000	0.000000
32.000000	316672.210635	4158074.321403	5.000000	0.000000
33.000000	316672.372058	4158074.279118	5.000000	0.000000
34.000000	316672.518489	4158074.240760	5.000000	0.000000
35.000000	316672.683785	4158074.197461	5.000000	0.000000
36.000000	316672.863346	4158074.148232	5.000000	0.000000
37.000000	316672.988785	4158074.112991	5.000000	0.000000
38.000000	316673.142565	4158074.069788	5.000000	0.000000
39.000000	316673.312091	4158074.022162	5.000000	0.000000
40.000000	316673.484766	4158073.973650	5.000000	0.000000
41.000000	316673.647994	4158073.927793	5.000000	0.000000
42.000000	316673.789178	4158073.888129	5.000000	0.000000
43.000000	316673.970739	4158073.836678	5.000000	0.000000
44.000000	316674.130394	4158073.782645	5.000000	0.000000
45.000000	316674.266304	4158073.736648	5.000000	0.000000
46.000000	316674.423434	4158073.683469	5.000000	0.000000
47.000000	316674.589658	4158073.627212	5.000000	0.000000
48.000000	316674.752850	4158073.571982	5.000000	0.000000
49.000000	316674.900885	4158073.521881	5.000000	0.000000
50.000000	316675.067993	4158073.465325	5.000000	0.000000
51.000000	316675.243904	4158073.404020	5.000000	0.000000
52.000000	316675.364615	4158073.361243	5.000000	0.000000
53.000000	316675.512598	4158073.308802	5.000000	0.000000
54.000000	316675.675734	4158073.250991	5.000000	0.000000
55.000000	316675.841900	4158073.192107	5.000000	0.000000
56.000000	316675.998974	4158073.136444	5.000000	0.000000
57.000000	316676.134836	4158073.088298	5.000000	0.000000
58.000000	316676.311573	4158073.025634	5.000000	0.000000
59.000000	316676.438243	4158072.980293	5.000000	0.000000
60.000000	316676.586101	4158072.927367	5.000000	0.000000
61.000000	316676.767367	4158072.862483	5.000000	0.000000
62.000000	316676.865887	4158072.827217	5.000000	0.000000
63.000000	316676.967192	4158072.790955	5.000000	0.000000
64.000000	316677.069425	4158072.754361	5.000000	0.000000
65.000000	316677.170729	4158072.718099	5.000000	0.000000
66.000000	316677.269250	4158072.682833	5.000000	0.000000
67.000000	316677.450516	4158072.617949	5.000000	0.000000
68.000000	316677.598374	4158072.565023	5.000000	0.000000
69.000000	316677.766539	4158072.506167	5.000000	0.000000
70.000000	316677.914479	4158072.459384	5.000000	0.000000
71.000000	316678.060653	4158072.413161	5.000000	0.000000
72.000000	316678.229649	4158072.359720	5.000000	0.000000
73.000000	316678.408427	4158072.303186	5.000000	0.000000
74.000000	316678.583945	4158072.247684	5.000000	0.000000
75.000000	316678.743160	4158072.197336	5.000000	0.000000
76.000000	316678.922889	4158072.140501	5.000000	0.000000
77.000000	316679.064853	4158072.102518	5.000000	0.000000
78.000000	316679.251242	4158072.061396	5.000000	0.000000
79.000000	316679.416358	4158072.024968	5.000000	0.000000
80.000000	316679.598380	4158071.984809	5.000000	0.000000
81.000000	316679.783783	4158071.943905	5.000000	0.000000
82.000000	316679.959042	4158071.905238	5.000000	0.000000
83.000000	316680.110633	4158071.871794	5.000000	0.000000
84.000000	316680.297304	4158071.830609	5.000000	0.000000
85.000000	316680.486082	4158071.789379	5.000000	0.000000
86.000000	316680.639383	4158071.755896	5.000000	0.000000
87.000000	316680.816620	4158071.717186	5.000000	0.000000
88.000000	316681.004116	4158071.676236	5.000000	0.000000
89.000000	316681.188192	4158071.636032	5.000000	0.000000
90.000000	316681.355171	4158071.599562	5.000000	0.000000
91.000000	316681.543664	4158071.558394	5.000000	0.000000
92.000000	316681.688142	4158071.523430	5.000000	0.000000
93.000000	316681.872253	4158071.474429	5.000000	0.000000
94.000000	316682.035350	4158071.431020	5.000000	0.000000
95.000000	316682.215147	4158071.383167	5.000000	0.000000
96.000000	316682.398284	4158071.334425	5.000000	0.000000
97.000000	316682.571401	4158071.288349	5.000000	0.000000
98.000000	316682.721139	4158071.248496	5.000000	0.000000
99.000000	316682.913936	4158071.197894	5.000000	0.000000
100.000000	316683.088161	4158071.166268	5.000000	0.000000
101.000000	316683.236473	4158071.139345	5.000000	0.000000
102.000000	316683.407941	4158071.108218	5.000000	0.000000
103.000000	316683.589333	4158071.075290	5.000000	0.000000
104.000000	316683.767418	4158071.042963	5.000000	0.000000
105.000000	316683.928962	4158071.013638	5.000000	0.000000
106.000000	316684.111319	4158070.980535	5.000000	0.000000
107.000000	316684.294696	4158070.998616	5.000000	0.000000
108.000000	316684.417093	4158071.032203	5.000000	0.000000
109.000000	316684.567144	4158071.073379	5.000000	0.000000
110.000000	316684.732559	4158071.118771	5.000000	0.000000
111.000000	316684.901046	4158071.165006	5.000000	0.000000
112.000000	316685.060315	4158071.208711	5.000000	0.000000
113.000000	316685.198076	4158071.246515	5.000000	0.000000
114.000000	316685.373866	4158071.299146	5.000000	0.000000
115.000000	316685.501306	4158071.425125	5.000000	0.000000
116.000000	316685.609792	4158071.532367	5.000000	0.000000
117.000000	316685.735216	4158071.656354	5.000000	0.000000
118.000000	316685.867899	4158071.787516	5.000000	0.000000
119.000000	316685.998162	4158071.916287	5.000000	0.000000
120.000000	316686.116327	4158072.033097	5.000000	0.000000
121.000000	316686.249716	4158072.164957	5.000000	0.000000
122.000000	316686.355611	4158072.323897	5.000000	0.000000
123.000000	316686.414463	4158072.441018	5.000000	0.000000
124.000000	316686.486612	4158072.584602	5.000000	0.000000
125.000000	316686.566149	4158072.742887	5.000000	0.000000
126.000000	316686.647162	4158072.904112	5.000000	0.000000
127.000000	316686.723744	4158073.056517	5.000000	0.000000
128.000000	316686.789983	4158073.188339	5.000000	0.000000
129.000000	316686.874436	4158073.358282	5.000000	0.000000
130.000000	316686.934218	4158073.516060	5.000000	0.000000
131.000000	316686.985108	4158073.650371	5.000000	0.000000
132.000000	316687.043944	4158073.805653	5.000000	0.000000
133.000000	316687.106185	4158073.969923	5.000000	0.000000
134.000000	316687.167291	4158074.131196	5.000000	0.000000
135.000000	316687.222721	4158074.277491	5.000000	0.000000
136.000000	316687.285293	4158074.442634	5.000000	0.000000
137.000000	316687.345735	4158074.623667	5.000000	0.000000
138.000000	316687.385038	4158074.750770	5.000000	0.000000
139.000000	316687.433222	4158074.906591	5.000000	0.000000
140.000000	316687.486339	4158075.078366	5.000000	0.000000
141.000000	316687.540443	4158075.253332	5.000000	0.000000
142.000000	316687.591587	4158075.418726	5.000000	0.000000
143.000000	316687.635824	4158075.561783	5.000000	0.000000
144.000000	316687.694320	4158075.744316	5.000000	0.000000
145.000000	316687.777659	4158075.876321	5.000000	0.000000
146.000000	316687.848604	4158075.988691	5.000000	0.000000
147.000000	316687.930625	4158076.118607	5.000000	0.000000
148.000000	316688.017393	4158076.256042	5.000000	0.000000
149.000000	316688.102579	4158076.390971	5.000000	0.000000
150.000000	316688.179853	4158076.513367	5.000000	0.000000
151.000000	316688.285347	4158076.680461	5.000000	0.000000
152.000000	316688.418173	4158076.766052	5.000000	0.000000
153.000000	316688.567124	4158076.843462	5.000000	0.000000
154.000000	316688.739970	4158076.933292	5.000000	0.000000
155.000000	316688.908037	4158077.020638	5.000000	0.000000
156.000000	316689.075130	4158077.107477	5.000000	0.000000
157.000000	316689.261559	4158077.122664	5.000000	0.000000
158.000000	316689.440689	4158077.111983	5.000000	0.000000
159.000000	316689.578203	4158077.103784	5.000000	0.000000
160.000000	316689.718272	4158077.095432	5.000000	0.000000
161.000000	316689.910813	4158077.083951	5.000000	0.000000
162.000000	316690.106228	4158077.072299	5.000000	0.000000
163.000000	316690.267269	4158077.015798	5.000000	0.000000
164.000000	316690.398046	4158076.969914	5.000000	0.000000
165.000000	316690.549242	4158076.916867	5.000000	0.000000
166.000000	316690.709189	4158076.860750	5.000000	0.000000
167.000000	316690.866219	4158076.805655	5.000000	0.000000
168.000000	316691.008665	4158076.755678	5.000000	0.000000
169.000000	316691.169462	4158076.699262	5.000000	0.000000
170.000000	316691.335543	4158076.620592	5.000000	0.000000
171.000000	316691.448232	4158076.558893	5.000000	0.000000
172.000000	316691.586382	4158076.483254	5.000000	0.000000
173.000000	316691.738677	4158076.399870	5.000000	0.000000
174.000000	316691.893801	4158076.314937	5.000000	0.000000
175.000000	316692.040438	4158076.234650	5.000000	0.000000
176.000000	316692.167272	4158076.165207	5.000000	0.000000
177.000000	316692.330739	4158076.075510	5.000000	0.000000
178.000000	316692.481631	4158075.988841	5.000000	0.000000
179.000000	316692.610081	4158075.915062	5.000000	0.000000
180.000000	316692.758586	4158075.829763	5.000000	0.000000
181.000000	316692.915686	4158075.739528	5.000000	0.000000
182.000000	316693.069922	4158075.650939	5.000000	0.000000
183.000000	316693.209832	4158075.570577	5.000000	0.000000
184.000000	316693.367768	4158075.479862	5.000000	0.000000
185.000000	316693.541055	4158075.384193	5.000000	0.000000
186.000000	316693.662780	4158075.318474	5.000000	0.000000
187.000000	316693.812006	4158075.237907	5.000000	0.000000
188.000000	316693.976512	4158075.149090	5.000000	0.000000
189.000000	316694.144074	4158075.058624	5.000000	0.000000
190.000000	316694.302469	4158074.973108	5.000000	0.000000
191.000000	316694.439472	4158074.899140	5.000000	0.000000
192.000000	316694.608180	4158074.808055	5.000000	0.000000
193.000000	316694.779520	4158074.740737	5.000000	0.000000
194.000000	316694.918661	4158074.686070	5.000000	0.000000
195.000000	316695.079527	4158074.622868	5.000000	0.000000
196.000000	316695.249704	4158074.556007	5.000000	0.000000
197.000000	316695.416777	4158074.490366	5.000000	0.000000
198.000000	316695.568332	4158074.430821	5.000000	0.000000
199.000000	316695.739414	4158074.363605	5.000000	0.000000
200.000000	316695.920634	4158074.342038	5.000000	0.000000
201.000000	316696.119198	4158074.349808	5.000000	0.000000
202.000000	316696.281600	4158074.356163	5.000000	0.000000
203.000000	316696.453402	4158074.362886	5.000000	0.000000
204.000000	316696.622070	4158074.369487	5.000000	0.000000
205.000000	316696.775072	4158074.375474	5.000000	0.000000
206.000000	316696.947788	4158074.382233	5.000000	0.000000
207.000000	316697.109974	4158074.449562	5.000000	0.000000
208.000000	316697.274545	4158074.561404	5.000000	0.000000
209.000000	316697.409145	4158074.652877	5.000000	0.000000
210.000000	316697.551535	4158074.749645	5.000000	0.000000
211.000000	316697.691328	4158074.844648	5.000000	0.000000
212.000000	316697.818137	4158074.930827	5.000000	0.000000
213.000000	316697.961285	4158075.028109	5.000000	0.000000
214.000000	316698.080486	4158075.161124	5.000000	0.000000
215.000000	316698.190578	4158075.325829	5.000000	0.000000
216.000000	316698.280620	4158075.460539	5.000000	0.000000
217.000000	316698.375873	4158075.603045	5.000000	0.000000
218.000000	316698.469389	4158075.742952	5.000000	0.000000
219.000000	316698.554220	4158075.869865	5.000000	0.000000
220.000000	316698.649980	4158076.013129	5.000000	0.000000
221.000000	316698.737010	4158076.173069	5.000000	0.000000
222.000000	316698.823254	4158076.353495	5.000000	0.000000
223.000000	316698.893792	4158076.501062	5.000000	0.000000
224.000000	316698.968413	4158076.657170	5.000000	0.000000
225.000000	316699.041673	4158076.810432	5.000000	0.000000
226.000000	316699.108128	4158076.949458	5.000000	0.000000
227.000000	316699.183145	4158077.106397	5.000000	0.000000
228.000000	316699.265008	4158077.275092	5.000000	0.000000
229.000000	316699.322340	4158077.392246	5.000000	0.000000
230.000000	316699.392625	4158077.535871	5.000000	0.000000
231.000000	316699.470107	4158077.694202	5.000000	0.000000
232.000000	316699.549028	4158077.855474	5.000000	0.000000
233.000000	316699.623631	4158078.007922	5.000000	0.000000
234.000000	316699.688160	4158078.139783	5.000000	0.000000
235.000000	316699.770980	4158078.309274	5.000000	0.000000
236.000000	316699.840586	4158078.456734	5.000000	0.000000
237.000000	316699.899840	4158078.582261	5.000000	0.000000
238.000000	316699.968345	4158078.727388	5.000000	0.000000
239.000000	316700.040815	4158078.880915	5.000000	0.000000
240.000000	316700.111964	4158079.031641	5.000000	0.000000
241.000000	316700.176504	4158079.168368	5.000000	0.000000
242.000000	316700.249360	4158079.322711	5.000000	0.000000
243.000000	316700.310641	4158079.483803	5.000000	0.000000
244.000000	316700.367733	4158079.658795	5.000000	0.000000
245.000000	316700.414427	4158079.801918	5.000000	0.000000
246.000000	316700.463824	4158079.953325	5.000000	0.000000
247.000000	316700.512319	4158080.101970	5.000000	0.000000
248.000000	316700.556311	4158080.236810	5.000000	0.000000
249.000000	316700.616368	4158080.420891	5.000000	0.000000
250.000000	316700.664661	4158080.611301	5.000000	0.000000
251.000000	316700.696686	4158080.743880	5.000000	0.000000
252.000000	316700.733710	4158080.897158	5.000000	0.000000
253.000000	316700.772877	4158081.059307	5.000000	0.000000
254.000000	316700.811330	4158081.218500	5.000000	0.000000
255.000000	316700.846212	4158081.362907	5.000000	0.000000
256.000000	316700.885588	4158081.525919	5.000000	0.000000
257.000000	316700.921567	4158081.702951	5.000000	0.000000
258.000000	316700.957363	4158081.899686	5.000000	0.000000
259.000000	316700.986641	4158082.060591	5.000000	0.000000
260.000000	316701.017613	4158082.230810	5.000000	0.000000
261.000000	316701.048021	4158082.397924	5.000000	0.000000
262.000000	316701.075604	4158082.549516	5.000000	0.000000
263.000000	316701.106741	4158082.720640	5.000000	0.000000
264.000000	316701.136843	4158082.906152	5.000000	0.000000
265.000000	316701.156429	4158083.035600	5.000000	0.000000
266.000000	316701.180441	4158083.194297	5.000000	0.000000
267.000000	316701.206911	4158083.369242	5.000000	0.000000
268.000000	316701.233872	4158083.547436	5.000000	0.000000
269.000000	316701.259359	4158083.715882	5.000000	0.000000
270.000000	316701.281403	4158083.861579	5.000000	0.000000
271.000000	316701.309317	4158084.049385	5.000000	0.000000
272.000000	316701.325221	4158084.223285	5.000000	0.000000
273.000000	316701.338759	4158084.371319	5.000000	0.000000
274.000000	316701.354411	4158084.542468	5.000000	0.000000
275.000000	316701.370970	4158084.723521	5.000000	0.000000
276.000000	316701.387226	4158084.901273	5.000000	0.000000
277.000000	316701.401972	4158085.062516	5.000000	0.000000
278.000000	316701.418618	4158085.244532	5.000000	0.000000
279.000000	316701.410961	4158085.436736	5.000000	0.000000
280.000000	316701.395631	4158085.568866	5.000000	0.000000
281.000000	316701.376837	4158085.730849	5.000000	0.000000
282.000000	316701.356118	4158085.909417	5.000000	0.000000
283.000000	316701.335015	4158086.091302	5.000000	0.000000
284.000000	316701.315066	4158086.263237	5.000000	0.000000
285.000000	316701.297811	4158086.411952	5.000000	0.000000
286.000000	316701.274106	4158086.602448	5.000000	0.000000
287.000000	316701.223191	4158086.755094	5.000000	0.000000
288.000000	316701.179848	4158086.885038	5.000000	0.000000
289.000000	316701.129738	4158087.035269	5.000000	0.000000
290.000000	316701.076728	4158087.194196	5.000000	0.000000
291.000000	316701.024684	4158087.350224	5.000000	0.000000
292.000000	316700.977475	4158087.491760	5.000000	0.000000
293.000000	316700.924182	4158087.651532	5.000000	0.000000
294.000000	316700.856490	4158087.802432	5.000000	0.000000
295.000000	316700.775205	4158087.956169	5.000000	0.000000
296.000000	316700.708724	4158088.081908	5.000000	0.000000
297.000000	316700.638395	4158088.214924	5.000000	0.000000
298.000000	316700.569348	4158088.345515	5.000000	0.000000
299.000000	316700.479406	4158088.515627	5.000000	0.000000
300.000000	316700.389220	4158088.673084	5.000000	0.000000
301.000000	316700.299809	4158088.781670	5.000000	0.000000
302.000000	316700.211465	4158088.888960	5.000000	0.000000
303.000000	316700.109328	4158089.013000	5.000000	0.000000
304.000000	316700.001280	4158089.144221	5.000000	0.000000
305.000000	316699.895202	4158089.273048	5.000000	0.000000
306.000000	316699.798976	4158089.389909	5.000000	0.000000
307.000000	316699.690353	4158089.521827	5.000000	0.000000
308.000000	316699.551732	4158089.640163	5.000000	0.000000
309.000000	316699.446896	4158089.713148	5.000000	0.000000
310.000000	316699.318373	4158089.802625	5.000000	0.000000
311.000000	316699.176691	4158089.901262	5.000000	0.000000
312.000000	316699.032377	4158090.001732	5.000000	0.000000
313.000000	316698.895958	4158090.096705	5.000000	0.000000
314.000000	316698.777963	4158090.178852	5.000000	0.000000
315.000000	316698.625469	4158090.283824	5.000000	0.000000
316.000000	316698.476419	4158090.362877	5.000000	0.000000
317.000000	316698.349537	4158090.430172	5.000000	0.000000
318.000000	316698.202846	4158090.507973	5.000000	0.000000
319.000000	316698.047664	4158090.590278	5.000000	0.000000
320.000000	316697.895312	4158090.671082	5.000000	0.000000
321.000000	316697.757111	4158090.744381	5.000000	0.000000
322.000000	316697.601103	4158090.827124	5.000000	0.000000
323.000000	316697.436842	4158090.914245	5.000000	0.000000
324.000000	316697.324111	4158090.974035	5.000000	0.000000
325.000000	316697.185909	4158091.047334	5.000000	0.000000
326.000000	316697.033558	4158091.128137	5.000000	0.000000
327.000000	316696.878376	4158091.210442	5.000000	0.000000
328.000000	316696.731684	4158091.288244	5.000000	0.000000
329.000000	316696.604803	4158091.355539	5.000000	0.000000
330.000000	316696.440869	4158091.441624	5.000000	0.000000
331.000000	316696.281492	4158091.508278	5.000000	0.000000
332.000000	316696.145820	4158091.565018	5.000000	0.000000
333.000000	316695.988965	4158091.630617	5.000000	0.000000
334.000000	316695.823031	4158091.700013	5.000000	0.000000
335.000000	316695.660124	4158091.768144	5.000000	0.000000
336.000000	316695.512347	4158091.829947	5.000000	0.000000
337.000000	316695.345531	4158091.899712	5.000000	0.000000
338.000000	316695.170938	4158091.957322	5.000000	0.000000
339.000000	316694.980971	4158092.010138	5.000000	0.000000
340.000000	316694.825600	4158092.053336	5.000000	0.000000
341.000000	316694.661237	4158092.099034	5.000000	0.000000
342.000000	316694.499871	4158092.143899	5.000000	0.000000
343.000000	316694.353492	4158092.184596	5.000000	0.000000
344.000000	316694.188255	4158092.230537	5.000000	0.000000
345.000000	316694.021153	4158092.273483	5.000000	0.000000
346.000000	316693.843076	4158092.316920	5.000000	0.000000
347.000000	316693.697430	4158092.352447	5.000000	0.000000
348.000000	316693.543354	4158092.390030	5.000000	0.000000
349.000000	316693.392087	4158092.426928	5.000000	0.000000
350.000000	316693.254871	4158092.460399	5.000000	0.000000
351.000000	316693.067544	4158092.506092	5.000000	0.000000
352.000000	316692.876240	4158092.545566	5.000000	0.000000
353.000000	316692.743325	4158092.572149	5.000000	0.000000
354.000000	316692.589658	4158092.602882	5.000000	0.000000
355.000000	316692.427097	4158092.635394	5.000000	0.000000
356.000000	316692.267500	4158092.667313	5.000000	0.000000
357.000000	316692.122727	4158092.696268	5.000000	0.000000
358.000000	316691.959300	4158092.728952	5.000000	0.000000
359.000000	316691.781631	4158092.763490	5.000000	0.000000
360.000000	316691.657460	4158092.787243	5.000000	0.000000
361.000000	316691.505233	4158092.816362	5.000000	0.000000
362.000000	316691.337420	4158092.848462	5.000000	0.000000
363.000000	316691.166489	4158092.881159	5.000000	0.000000
364.000000	316691.004910	4158092.912067	5.000000	0.000000
365.000000	316690.865152	4158092.938801	5.000000	0.000000
366.000000	316690.685041	4158092.973604	5.000000	0.000000
367.000000	316690.519022	4158093.012626	5.000000	0.000000
368.000000	316690.377696	4158093.045844	5.000000	0.000000
369.000000	316690.214304	4158093.084248	5.000000	0.000000
370.000000	316690.041455	4158093.124875	5.000000	0.000000
371.000000	316689.871759	4158093.164761	5.000000	0.000000
372.000000	316689.717823	4158093.200943	5.000000	0.000000
373.000000	316689.544055	4158093.241786	5.000000	0.000000
374.000000	316689.359539	4158093.277791	5.000000	0.000000
375.000000	316689.232285	4158093.299702	5.000000	0.000000
376.000000	316689.076280	4158093.326563	5.000000	0.000000
377.000000	316688.904301	4158093.356174	5.000000	0.000000
378.000000	316688.729128	4158093.386335	5.000000	0.000000
379.000000	316688.563539	4158093.414846	5.000000	0.000000
380.000000	316688.420312	4158093.439507	5.000000	0.000000
381.000000	316688.235813	4158093.470907	5.000000	0.000000
382.000000	316688.067395	4158093.492304	5.000000	0.000000
383.000000	316687.924026	4158093.510519	5.000000	0.000000
384.000000	316687.758272	4158093.531577	5.000000	0.000000
385.000000	316687.582924	4158093.553855	5.000000	0.000000
386.000000	316687.410775	4158093.575726	5.000000	0.000000
387.000000	316687.254615	4158093.595566	5.000000	0.000000
388.000000	316687.078335	4158093.617961	5.000000	0.000000
389.000000	316686.895603	4158093.644995	5.000000	0.000000
390.000000	316686.771348	4158093.664929	5.000000	0.000000
391.000000	316686.619017	4158093.689368	5.000000	0.000000
392.000000	316686.451090	4158093.716308	5.000000	0.000000
393.000000	316686.280044	4158093.743749	5.000000	0.000000
394.000000	316686.118355	4158093.769689	5.000000	0.000000
395.000000	316685.978503	4158093.792125	5.000000	0.000000
396.000000	316685.798835	4158093.820649	5.000000	0.000000
397.000000	316685.644428	4158093.839212	5.000000	0.000000
398.000000	316685.512986	4158093.855013	5.000000	0.000000
399.000000	316685.361022	4158093.873282	5.000000	0.000000
400.000000	316685.200263	4158093.892608	5.000000	0.000000
401.000000	316685.042436	4158093.911581	5.000000	0.000000
402.000000	316684.899267	4158093.928792	5.000000	0.000000
403.000000	316684.703815	4158093.952289	5.000000	0.000000
404.000000	316684.504234	4158093.954231	5.000000	0.000000
405.000000	316684.365570	4158093.952994	5.000000	0.000000
406.000000	316684.205255	4158093.951564	5.000000	0.000000
407.000000	316684.035663	4158093.950051	5.000000	0.000000
408.000000	316683.869163	4158093.948565	5.000000	0.000000
409.000000	316683.718127	4158093.947218	5.000000	0.000000
410.000000	316683.547633	4158093.945697	5.000000	0.000000
411.000000	316683.373248	4158093.922884	5.000000	0.000000
412.000000	316683.186105	4158093.884473	5.000000	0.000000
413.000000	316683.033043	4158093.853058	5.000000	0.000000
414.000000	316682.871123	4158093.819824	5.000000	0.000000
415.000000	316682.712156	4158093.787196	5.000000	0.000000
416.000000	316682.567954	4158093.757599	5.000000	0.000000
417.000000	316682.405173	4158093.724189	5.000000	0.000000
418.000000	316682.240309	4158093.667768	5.000000	0.000000
419.000000	316682.064452	4158093.592642	5.000000	0.000000
420.000000	316681.920621	4158093.531198	5.000000	0.000000
421.000000	316681.768466	4158093.466197	5.000000	0.000000
422.000000	316681.619086	4158093.402382	5.000000	0.000000
423.000000	316681.483581	4158093.344494	5.000000	0.000000
424.000000	316681.330616	4158093.279148	5.000000	0.000000
425.000000	316681.169287	4158093.198043	5.000000	0.000000
426.000000	316681.058460	4158093.137460	5.000000	0.000000
427.000000	316680.922592	4158093.063189	5.000000	0.000000
428.000000	316680.772813	4158092.981313	5.000000	0.000000
429.000000	316680.620252	4158092.897917	5.000000	0.000000
430.000000	316680.476038	4158092.819083	5.000000	0.000000
431.000000	316680.351299	4158092.750896	5.000000	0.000000
432.000000	316680.190892	4158092.662082	5.000000	0.000000
433.000000	316680.049942	4158092.561655	5.000000	0.000000
434.000000	316679.929956	4158092.476164	5.000000	0.000000
435.000000	316679.791236	4158092.377326	5.000000	0.000000
436.000000	316679.644488	4158092.272767	5.000000	0.000000
437.000000	316679.500415	4158092.170115	5.000000	0.000000
438.000000	316679.369724	4158092.076997	5.000000	0.000000
439.000000	316679.222195	4158091.971882	5.000000	0.000000
440.000000	316679.080696	4158091.853867	5.000000	0.000000
441.000000	316678.935001	4158091.720337	5.000000	0.000000
442.000000	316678.815840	4158091.611125	5.000000	0.000000
443.000000	316678.689782	4158091.495592	5.000000	0.000000
444.000000	316678.566023	4158091.382166	5.000000	0.000000
445.000000	316678.453759	4158091.279275	5.000000	0.000000
446.000000	316678.327031	4158091.163127	5.000000	0.000000
447.000000	316678.209182	4158091.049281	5.000000	0.000000
448.000000	316678.090423	4158090.930350	5.000000	0.000000
449.000000	316677.993292	4158090.833079	5.000000	0.000000
450.000000	316677.890540	4158090.730177	5.000000	0.000000
451.000000	316677.789662	4158090.629153	5.000000	0.000000
452.000000	316677.658254	4158090.497555	5.000000	0.000000
453.000000	316677.543054	4158090.372048	5.000000	0.000000
454.000000	316677.463422	4158090.223563	5.000000	0.000000
455.000000	316677.373388	4158090.055682	5.000000	0.000000
456.000000	316677.307891	4158089.933553	5.000000	0.000000
457.000000	316677.213378	4158089.757320	5.000000	0.000000
458.000000	316677.119413	4158089.582107	5.000000	0.000000
459.000000	316677.030496	4158089.453265	5.000000	0.000000
460.000000	316676.920941	4158089.312859	5.000000	0.000000
461.000000	316676.831338	4158089.198023	5.000000	0.000000
462.000000	316676.736548	4158089.076541	5.000000	0.000000
463.000000	316676.643488	4158088.957275	5.000000	0.000000
464.000000	316676.522264	4158088.801914	5.000000	0.000000
465.000000	316676.406388	4158088.655063	5.000000	0.000000
466.000000	316676.312078	4158088.541831	5.000000	0.000000
467.000000	316676.218894	4158088.429952	5.000000	0.000000
468.000000	316676.111161	4158088.300604	5.000000	0.000000
469.000000	316675.997193	4158088.163770	5.000000	0.000000
470.000000	316675.885303	4158088.029431	5.000000	0.000000
471.000000	316675.783805	4158087.907570	5.000000	0.000000
472.000000	316675.669231	4158087.770008	5.000000	0.000000
473.000000	316675.564101	4158087.630100	5.000000	0.000000
474.000000	316675.459181	4158087.480475	5.000000	0.000000
475.000000	316675.373368	4158087.358099	5.000000	0.000000
476.000000	316675.282589	4158087.228641	5.000000	0.000000
477.000000	316675.193466	4158087.101543	5.000000	0.000000
478.000000	316675.112620	4158086.986251	5.000000	0.000000
479.000000	316675.002251	4158086.828854	5.000000	0.000000
480.000000	316674.902647	4158086.659233	5.000000	0.000000
481.000000	316674.834982	4158086.540340	5.000000	0.000000
482.000000	316674.756752	4158086.402885	5.000000	0.000000
483.000000	316674.673994	4158086.257474	5.000000	0.000000
484.000000	316674.592745	4158086.114714	5.000000	0.000000
485.000000	316674.519043	4158085.985214	5.000000	0.000000
486.000000	316674.435844	4158085.839030	5.000000	0.000000
487.000000	316674.324537	4158085.689150	5.000000	0.000000
488.000000	316674.238663	4158085.587906	5.000000	0.000000
489.000000	316674.133387	4158085.463787	5.000000	0.000000
490.000000	316674.017332	4158085.326959	5.000000	0.000000
491.000000	316673.899121	4158085.187589	5.000000	0.000000
492.000000	316673.787377	4158085.055845	5.000000	0.000000
493.000000	316673.690724	4158084.941892	5.000000	0.000000
494.000000	316673.567375	4158084.794474	5.000000	0.000000
495.000000	316673.477672	4158084.647458	5.000000	0.000000
496.000000	316673.401311	4158084.522309	5.000000	0.000000
497.000000	316673.313027	4158084.377619	5.000000	0.000000
498.000000	316673.219633	4158084.224555	5.000000	0.000000
499.000000	316673.127943	4158084.074282	5.000000	0.000000
500.000000	316673.044768	4158083.937967	5.000000	0.000000
501.000000	316672.950878	4158083.784089	5.000000	0.000000
502.000000	316672.853962	4158083.646640	5.000000	0.000000
503.000000	316672.749377	4158083.512202	5.000000	0.000000
504.000000	316672.663839	4158083.402248	5.000000	0.000000
505.000000	316672.573351	4158083.285929	5.000000	0.000000
506.000000	316672.484512	4158083.171732	5.000000	0.000000
507.000000	316672.368788	4158083.022975	5.000000	0.000000
508.000000	316672.264767	4158082.882099	5.000000	0.000000
509.000000	316672.177222	4158082.721002	5.000000	0.000000
510.000000	316672.113095	4158082.602999	5.000000	0.000000
511.000000	316672.042401	4158082.472913	5.000000	0.000000
512.000000	316671.970395	4158082.340411	5.000000	0.000000
513.000000	316671.902328	4158082.215158	5.000000	0.000000
514.000000	316671.819105	4158082.062015	5.000000	0.000000
515.000000	316671.745220	4158081.916584	5.000000	0.000000
516.000000	316671.678849	4158081.770027	5.000000	0.000000
517.000000	316671.620053	4158081.640198	5.000000	0.000000
518.000000	316671.555238	4158081.497076	5.000000	0.000000
519.000000	316671.489218	4158081.351295	5.000000	0.000000
520.000000	316671.426810	4158081.213490	5.000000	0.000000
521.000000	316671.350507	4158081.045000	5.000000	0.000000
522.000000	316671.286198	4158080.884417	5.000000	0.000000
523.000000	316671.234201	4158080.721684	5.000000	0.000000
524.000000	316671.188139	4158080.577524	5.000000	0.000000
525.000000	316671.137360	4158080.418604	5.000000	0.000000
526.000000	316671.085638	4158080.256732	5.000000	0.000000
527.000000	316671.036746	4158080.103716	5.000000	0.000000
528.000000	316670.976968	4158079.916628	5.000000	0.000000
529.000000	316670.911843	4158079.755763	5.000000	0.000000
530.000000	316670.833085	4158079.620053	5.000000	0.000000
531.000000	316670.763316	4158079.499832	5.000000	0.000000
532.000000	316670.686403	4158079.367303	5.000000	0.000000
533.000000	316670.608062	4158079.232311	5.000000	0.000000
534.000000	316670.534007	4158079.104705	5.000000	0.000000
535.000000	316670.443462	4158078.948685	5.000000	0.000000
536.000000	316670.360424	4158078.800673	5.000000	0.000000
537.000000	316670.281374	4158078.651753	5.000000	0.000000
538.000000	316670.211346	4158078.519831	5.000000	0.000000
539.000000	316670.134149	4158078.374401	5.000000	0.000000
540.000000	316670.055517	4158078.226269	5.000000	0.000000
541.000000	316669.981188	4158078.086242	5.000000	0.000000
542.000000	316669.890307	4158077.915035	5.000000	0.000000
543.000000	316669.824384	4158077.766054	5.000000	0.000000
544.000000	316669.775278	4158077.582306	5.000000	0.000000
545.000000	316669.725885	4158077.397488	5.000000	0.000000
546.000000	316669.675088	4158077.207415	5.000000	0.000000
547.000000	316669.631314	4158077.043619	5.000000	0.000000
548.000000	316669.589187	4158076.853948	0.000000	0.000000
549.000000	316669.564367	4158076.657315	0.000000	0.000000
550.000000	316669.524931	4158076.468249	0.000000	0.000000
551.000000	316669.362202	4158076.553892	0.000000	0.000000
552.000000	316669.266386	4158076.625919	0.000000	0.000000
