63.000000	316694.887271	4158129.590523	5.000000	0.000000
64.000000	316694.845443	4158129.458063	5.000000	0.000000
65.000000	316694.803995	4158129.326806	5.000000	0.000000
66.000000	316694.763685	4158129.199155	5.000000	0.000000
67.000000	316694.725274	4158129.077517	5.000000	0.000000
68.000000	316694.689521	4158128.964295	5.000000	0.000000
69.000000	316694.657185	4158128.861894	5.000000	0.000000
70.000000	316694.605802	4158128.699175	5.000000	0.000000
71.000000	316694.558071	4158128.550975	5.000000	0.000000
72.000000	316694.516409	4158128.427088	5.000000	0.000000
73.000000	316694.454562	4158128.243183	5.000000	0.000000
74.000000	316694.418010	4158128.134494	5.000000	0.000000
75.000000	316694.378741	4158128.017725	5.000000	0.000000
76.000000	316694.337531	4158127.895186	5.000000	0.000000
77.000000	316694.295157	4158127.769183	5.000000	0.000000
78.000000	316694.252394	4158127.642027	5.000000	0.000000
79.000000	316694.210020	4158127.516025	5.000000	0.000000
80.000000	316694.168810	4158127.393485	5.000000	0.000000
81.000000	316694.129541	4158127.276716	5.000000	0.000000
82.000000	316694.092989	4158127.168028	5.000000	0.000000
83.000000	316694.031142	4158126.984122	5.000000	0.000000
84.000000	316693.971618	4158126.802828	5.000000	0.000000
85.000000	316693.936791	4158126.641604	5.000000	0.000000
86.000000	316693.896139	4158126.453410	5.000000	0.000000
87.000000	316693.872113	4158126.342187	5.000000	0.000000
88.000000	316693.846301	4158126.222696	5.000000	0.000000
89.000000	316693.819214	4158126.097299	5.000000	0.000000
90.000000	316693.791361	4158125.968358	5.000000	0.000000
91.000000	316693.763253	4158125.838237	5.000000	0.000000
92.000000	316693.735401	4158125.709297	5.000000	0.000000
93.000000	316693.708313	4158125.583900	5.000000	0.000000
94.000000	316693.682502	4158125.464409	5.000000	0.000000
95.000000	316693.658476	4158125.353185	5.000000	0.000000
96.000000	316693.617823	4158125.164992	5.000000	0.000000
97.000000	316693.580118	4158124.978847	5.000000	0.000000
98.000000	316693.576289	4158124.805484	5.000000	0.000000
99.000000	316693.574209	4158124.711287	5.000000	0.000000
100.000000	316693.571820	4158124.603121	5.000000	0.000000
101.000000	316693.569179	4158124.483523	5.000000	0.000000
102.000000	316693.566342	4158124.355036	5.000000	0.000000
103.000000	316693.563364	4158124.220198	5.000000	0.000000
104.000000	316693.560302	4158124.081549	5.000000	0.000000
105.000000	316693.557212	4158123.941631	5.000000	0.000000
106.000000	316693.554150	4158123.802983	5.000000	0.000000
107.000000	316693.551172	4158123.668145	5.000000	0.000000
108.000000	316693.548335	4158123.539657	5.000000	0.000000
109.000000	316693.545693	4158123.420060	5.000000	0.000000
110.000000	316693.543305	4158123.311893	5.000000	0.000000
111.000000	316693.539509	4158123.140012	5.000000	0.000000
112.000000	316693.541229	4158122.979936	5.000000	0.000000
113.000000	316693.552468	4158122.839442	5.000000	0.000000
114.000000	316693.560234	4158122.742361	5.000000	0.000000
115.000000	316693.569152	4158122.630881	5.000000	0.000000
116.000000	316693.579012	4158122.507622	5.000000	0.000000
117.000000	316693.589605	4158122.375199	5.000000	0.000000
118.000000	316693.600721	4158122.236232	5.000000	0.000000
119.000000	316693.612152	4158122.093338	5.000000	0.000000
120.000000	316693.623688	4158121.949134	5.000000	0.000000
121.000000	316693.635118	4158121.806240	5.000000	0.000000
122.000000	316693.646235	4158121.667273	5.000000	0.000000
123.000000	316693.656828	4158121.534850	5.000000	0.000000
124.000000	316693.666688	4158121.411590	5.000000	0.000000
125.000000	316693.675606	4158121.300111	5.000000	0.000000
126.000000	316693.689777	4158121.122966	5.000000	0.000000
127.000000	316693.706245	4158120.960433	5.000000	0.000000
128.000000	316693.726756	4158120.822307	5.000000	0.000000
129.000000	316693.740929	4158120.726863	5.000000	0.000000
130.000000	316693.757203	4158120.617263	5.000000	0.000000
131.000000	316693.775198	4158120.496081	5.000000	0.000000
132.000000	316693.794530	4158120.365891	5.000000	0.000000
133.000000	316693.814818	4158120.229267	5.000000	0.000000
134.000000	316693.835679	4158120.088781	5.000000	0.000000
135.000000	316693.856731	4158119.947009	5.000000	0.000000
136.000000	316693.877592	4158119.806524	5.000000	0.000000
137.000000	316693.897879	4158119.669900	5.000000	0.000000
138.000000	316693.917212	4158119.539710	5.000000	0.000000
139.000000	316693.935206	4158119.418528	5.000000	0.000000
140.000000	316693.951481	4158119.308928	5.000000	0.000000
141.000000	316693.977342	4158119.134769	5.000000	0.000000
142.000000	316694.009524	4158118.977239	5.000000	0.000000
143.000000	316694.052759	4158118.847618	5.000000	0.000000
144.000000	316694.082634	4158118.758051	5.000000	0.000000
145.000000	316694.116940	4158118.655200	5.000000	0.000000
146.000000	316694.154872	4158118.541479	5.000000	0.000000
147.000000	316694.195623	4158118.419305	5.000000	0.000000
148.000000	316694.238388	4158118.291093	5.000000	0.000000
149.000000	316694.282361	4158118.159258	5.000000	0.000000
150.000000	316694.326738	4158118.026215	5.000000	0.000000
151.000000	316694.370711	4158117.894380	5.000000	0.000000
152.000000	316694.413476	4158117.766168	5.000000	0.000000
153.000000	316694.454227	4158117.643994	5.000000	0.000000
154.000000	316694.492158	4158117.530274	5.000000	0.000000
155.000000	316694.526464	4158117.427422	5.000000	0.000000
156.000000	316694.580978	4158117.263987	5.000000	0.000000
157.000000	316694.639590	4158117.116349	5.000000	0.000000
158.000000	316694.705549	4158116.995233	5.000000	0.000000
159.000000	316694.751127	4158116.911542	5.000000	0.000000
160.000000	316694.803464	4158116.815439	5.000000	0.000000
161.000000	316694.861332	4158116.709180	5.000000	0.000000
162.000000	316694.923502	4158116.595022	5.000000	0.000000
163.000000	316694.988745	4158116.475222	5.000000	0.000000
164.000000	316695.055831	4158116.352037	5.000000	0.000000
165.000000	316695.123531	4158116.227724	5.000000	0.000000
166.000000	316695.190617	4158116.104539	5.000000	0.000000
167.000000	316695.255860	4158115.984739	5.000000	0.000000
168.000000	316695.318030	4158115.870581	5.000000	0.000000
169.000000	316695.375898	4158115.764323	5.000000	0.000000
170.000000	316695.428235	4158115.668219	5.000000	0.000000
171.000000	316695.511402	4158115.515508	5.000000	0.000000
172.000000	316695.601560	4158115.388493	5.000000	0.000000
173.000000	316695.704208	4158115.305166	5.000000	0.000000
174.000000	316695.856585	4158115.181470	5.000000	0.000000
175.000000	316695.946641	4158115.108365	5.000000	0.000000
176.000000	316696.043391	4158115.029826	5.000000	0.000000
177.000000	316696.144923	4158114.947405	5.000000	0.000000
178.000000	316696.249324	4158114.862655	5.000000	0.000000
179.000000	316696.354681	4158114.777129	5.000000	0.000000
180.000000	316696.459082	4158114.692379	5.000000	0.000000
181.000000	316696.560614	4158114.609958	5.000000	0.000000
182.000000	316696.657364	4158114.531419	5.000000	0.000000
183.000000	316696.747420	4158114.458314	5.000000	0.000000
184.000000	316696.899798	4158114.334618	5.000000	0.000000
185.000000	316697.052012	4158114.217079	5.000000	0.000000
186.000000	316697.212464	4158114.167720	5.000000	0.000000
187.000000	316697.399756	4158114.110103	5.000000	0.000000
188.000000	316697.510446	4158114.076052	5.000000	0.000000
189.000000	316697.629365	4158114.039469	5.000000	0.000000
190.000000	316697.754161	4158114.001078	5.000000	0.000000
191.000000	316697.882483	4158113.961602	5.000000	0.000000
192.000000	316698.011981	4158113.921765	5.000000	0.000000
193.000000	316698.140303	4158113.882289	5.000000	0.000000
194.000000	316698.265099	4158113.843898	5.000000	0.000000
195.000000	316698.384017	4158113.807316	5.000000	0.000000
196.000000	316698.494708	4158113.773264	5.000000	0.000000
197.000000	316698.681999	4158113.715647	5.000000	0.000000
198.000000	316698.864669	4158113.657388	5.000000	0.000000
199.000000	316699.002515	4158113.587256	5.000000	0.000000
200.000000	316699.163420	4158113.505392	5.000000	0.000000
201.000000	316699.258515	4158113.457010	5.000000	0.000000
202.000000	316699.360680	4158113.405031	5.000000	0.000000
203.000000	316699.467894	4158113.350484	5.000000	0.000000
204.000000	316699.578137	4158113.294395	5.000000	0.000000
205.000000	316699.689390	4158113.237793	5.000000	0.000000
206.000000	316699.799634	4158113.181704	5.000000	0.000000
207.000000	316699.906847	4158113.127156	5.000000	0.000000
208.000000	316700.009012	4158113.075178	5.000000	0.000000
209.000000	316700.104107	4158113.026796	5.000000	0.000000
210.000000	316700.265012	4158112.944932	5.000000	0.000000
211.000000	316700.417436	4158112.858269	5.000000	0.000000
212.000000	316700.475313	4158112.706451	5.000000	0.000000
213.000000	316700.542872	4158112.529238	5.000000	0.000000
214.000000	316700.582799	4158112.424504	5.000000	0.000000
215.000000	316700.625694	4158112.311985	5.000000	0.000000
216.000000	316700.670710	4158112.193904	5.000000	0.000000
217.000000	316700.716997	4158112.072487	5.000000	0.000000
218.000000	316700.763709	4158111.949958	5.000000	0.000000
219.000000	316700.809996	4158111.828541	5.000000	0.000000
220.000000	316700.855012	4158111.710461	5.000000	0.000000
221.000000	316700.897907	4158111.597941	5.000000	0.000000
222.000000	316700.937834	4158111.493208	5.000000	0.000000
223.000000	316701.005393	4158111.315994	5.000000	0.000000
224.000000	316701.066816	4158111.140211	5.000000	0.000000
225.000000	316701.056549	4158110.970263	5.000000	0.000000
226.000000	316701.044565	4158110.771886	5.000000	0.000000
227.000000	316701.037482	4158110.654644	5.000000	0.000000
228.000000	316701.029873	4158110.528687	5.000000	0.000000
229.000000	316701.021888	4158110.396505	5.000000	0.000000
230.000000	316701.013677	4158110.260588	5.000000	0.000000
231.000000	316701.005391	4158110.123426	5.000000	0.000000
232.000000	316700.997180	4158109.987509	5.000000	0.000000
233.000000	316700.989195	4158109.855327	5.000000	0.000000
234.000000	316700.981586	4158109.729370	5.000000	0.000000
235.000000	316700.974503	4158109.612128	5.000000	0.000000
236.000000	316700.962519	4158109.413751	5.000000	0.000000
237.000000	316700.953457	4158109.219280	5.000000	0.000000
238.000000	316700.979902	4158109.059975	5.000000	0.000000
239.000000	316701.010772	4158108.874022	5.000000	0.000000
240.000000	316701.029016	4158108.764122	5.000000	0.000000
241.000000	316701.048616	4158108.646054	5.000000	0.000000
242.000000	316701.069184	4158108.522150	5.000000	0.000000
243.000000	316701.090334	4158108.394745	5.000000	0.000000
244.000000	316701.111678	4158108.266173	5.000000	0.000000
245.000000	316701.132828	4158108.138768	5.000000	0.000000
246.000000	316701.153397	4158108.014864	5.000000	0.000000
247.000000	316701.172997	4158107.896795	5.000000	0.000000
248.000000	316701.191240	4158107.786896	5.000000	0.000000
249.000000	316701.222110	4158107.600943	5.000000	0.000000
250.000000	316701.256492	4158107.418794	5.000000	0.000000
251.000000	316701.336614	4158107.271394	5.000000	0.000000
252.000000	316701.430138	4158107.099338	5.000000	0.000000
253.000000	316701.485411	4158106.997651	5.000000	0.000000
254.000000	316701.544793	4158106.888406	5.000000	0.000000
255.000000	316701.607110	4158106.773762	5.000000	0.000000
256.000000	316701.671187	4158106.655878	5.000000	0.000000
257.000000	316701.735852	4158106.536914	5.000000	0.000000
258.000000	316701.799929	4158106.419030	5.000000	0.000000
259.000000	316701.862246	4158106.304386	5.000000	0.000000
260.000000	316701.921628	4158106.195141	5.000000	0.000000
261.000000	316701.976901	4158106.093454	5.000000	0.000000
262.000000	316702.070425	4158105.921398	5.000000	0.000000
263.000000	316702.163557	4158105.752383	5.000000	0.000000
264.000000	316702.258110	4158105.609573	5.000000	0.000000
265.000000	316702.368480	4158105.442875	5.000000	0.000000
266.000000	316702.433709	4158105.344355	5.000000	0.000000
267.000000	316702.503787	4158105.238512	5.000000	0.000000
268.000000	316702.577328	4158105.127438	5.000000	0.000000
269.000000	316702.652948	4158105.013225	5.000000	0.000000
270.000000	316702.729260	4158104.897966	5.000000	0.000000
271.000000	316702.804879	4158104.783753	5.000000	0.000000
272.000000	316702.878421	4158104.672678	5.000000	0.000000
273.000000	316702.948499	4158104.566835	5.000000	0.000000
274.000000	316703.013728	4158104.468316	5.000000	0.000000
275.000000	316703.124098	4158104.301617	5.000000	0.000000
276.000000	316703.235408	4158104.139913	5.000000	0.000000
277.000000	316703.365841	4158104.029037	5.000000	0.000000
278.000000	316703.518093	4158103.899614	5.000000	0.000000
279.000000	316703.608074	4158103.823124	5.000000	0.000000
280.000000	316703.704744	4158103.740948	5.000000	0.000000
281.000000	316703.806192	4158103.654712	5.000000	0.000000
282.000000	316703.910506	4158103.566038	5.000000	0.000000
283.000000	316704.015776	4158103.476552	5.000000	0.000000
284.000000	316704.120091	4158103.387878	5.000000	0.000000
285.000000	316704.221539	4158103.301641	5.000000	0.000000
286.000000	316704.318209	4158103.219465	5.000000	0.000000
287.000000	316704.408190	4158103.142976	5.000000	0.000000
288.000000	316704.560441	4158103.013553	5.000000	0.000000
289.000000	316704.712332	4158102.890137	5.000000	0.000000
290.000000	316704.870000	4158102.832658	5.000000	0.000000
291.000000	316705.054041	4158102.765563	5.000000	0.000000
292.000000	316705.162810	4158102.725910	5.000000	0.000000
293.000000	316705.279665	4158102.683309	5.000000	0.000000
294.000000	316705.402295	4158102.638603	5.000000	0.000000
295.000000	316705.528391	4158102.592633	5.000000	0.000000
296.000000	316705.655641	4158102.546243	5.000000	0.000000
297.000000	316705.781736	4158102.500273	5.000000	0.000000
298.000000	316705.904367	4158102.455567	5.000000	0.000000
299.000000	316706.021221	4158102.412966	5.000000	0.000000
300.000000	316706.129991	4158102.373313	5.000000	0.000000
301.000000	316706.314032	4158102.306218	5.000000	0.000000
302.000000	316706.496150	4158102.244299	5.000000	0.000000
303.000000	316706.666764	4158102.242168	5.000000	0.000000
304.000000	316706.865919	4158102.239680	5.000000	0.000000
305.000000	316706.983620	4158102.238209	5.000000	0.000000
306.000000	316707.110070	4158102.236630	5.000000	0.000000
307.000000	316707.242770	4158102.234972	5.000000	0.000000
308.000000	316707.379220	4158102.233268	5.000000	0.000000
309.000000	316707.516920	4158102.231548	5.000000	0.000000
310.000000	316707.653370	4158102.229843	5.000000	0.000000
311.000000	316707.786070	4158102.228186	5.000000	0.000000
312.000000	316707.912520	4158102.226606	5.000000	0.000000
313.000000	316708.030221	4158102.225136	5.000000	0.000000
314.000000	316708.229375	4158102.222648	5.000000	0.000000
315.000000	316708.424995	4158102.223621	5.000000	0.000000
316.000000	316708.590110	4158102.267427	5.000000	0.000000
317.000000	316708.782845	4158102.318562	5.000000	0.000000
318.000000	316708.896752	4158102.348783	5.000000	0.000000
319.000000	316709.019127	4158102.381250	5.000000	0.000000
320.000000	316709.147550	4158102.415321	5.000000	0.000000
321.000000	316709.279601	4158102.450356	5.000000	0.000000
322.000000	316709.412863	4158102.485712	5.000000	0.000000
323.000000	316709.544914	4158102.520746	5.000000	0.000000
324.000000	316709.673337	4158102.554818	5.000000	0.000000
325.000000	316709.795712	4158102.587285	5.000000	0.000000
326.000000	316709.909619	4158102.617506	5.000000	0.000000
327.000000	316710.102354	4158102.668640	5.000000	0.000000
328.000000	316710.289912	4158102.722554	5.000000	0.000000
329.000000	316710.426125	4158102.814452	5.000000	0.000000
330.000000	316710.585124	4158102.921722	5.000000	0.000000
331.000000	316710.679093	4158102.985119	5.000000	0.000000
332.000000	316710.780047	4158103.053228	5.000000	0.000000
333.000000	316710.885991	4158103.124704	5.000000	0.000000
334.000000	316710.994929	4158103.198200	5.000000	0.000000
335.000000	316711.104864	4158103.272368	5.000000	0.000000
336.000000	316711.213801	4158103.345864	5.000000	0.000000
337.000000	316711.319745	4158103.417340	5.000000	0.000000
338.000000	316711.420699	4158103.485449	5.000000	0.000000
339.000000	316711.514668	4158103.548846	5.000000	0.000000
340.000000	316711.673667	4158103.656116	5.000000	0.000000
341.000000	316711.828102	4158103.764674	5.000000	0.000000
342.000000	316711.936536	4158103.896456	5.000000	0.000000
343.000000	316712.063107	4158104.050282	5.000000	0.000000
344.000000	316712.137912	4158104.141194	5.000000	0.000000
345.000000	316712.218277	4158104.238864	5.000000	0.000000
346.000000	316712.302614	4158104.341361	5.000000	0.000000
347.000000	316712.389335	4158104.446755	5.000000	0.000000
348.000000	316712.476849	4158104.553114	5.000000	0.000000
349.000000	316712.563569	4158104.658507	5.000000	0.000000
350.000000	316712.647906	4158104.761005	5.000000	0.000000
351.000000	316712.728272	4158104.858675	5.000000	0.000000
352.000000	316712.803076	4158104.949587	5.000000	0.000000
353.000000	316712.929648	4158105.103413	5.000000	0.000000
354.000000	316713.054237	4158105.254947	5.000000	0.000000
355.000000	316713.162706	4158105.388365	5.000000	0.000000
356.000000	316713.221642	4158105.460857	5.000000	0.000000
357.000000	316713.289320	4158105.544100	5.000000	0.000000
358.000000	316713.364149	4158105.636141	5.000000	0.000000
359.000000	316713.444541	4158105.735023	5.000000	0.000000
360.000000	316713.528906	4158105.838792	5.000000	0.000000
361.000000	316713.615656	4158105.945494	5.000000	0.000000
362.000000	316713.703199	4158106.053173	5.000000	0.000000
363.000000	316713.789948	4158106.159874	5.000000	0.000000
364.000000	316713.874314	4158106.263644	5.000000	0.000000
365.000000	316713.954705	4158106.362526	5.000000	0.000000
366.000000	316714.029535	4158106.454566	5.000000	0.000000
367.000000	316714.097212	4158106.537809	5.000000	0.000000
368.000000	316714.204755	4158106.670087	5.000000	0.000000
369.000000	316714.303234	4158106.793532	5.000000	0.000000
370.000000	316714.386564	4158106.902345	5.000000	0.000000
371.000000	316714.444144	4158106.977534	5.000000	0.000000
372.000000	316714.510264	4158107.063874	5.000000	0.000000
373.000000	316714.583372	4158107.159339	5.000000	0.000000
374.000000	316714.661914	4158107.261900	5.000000	0.000000
375.000000	316714.744338	4158107.369531	5.000000	0.000000
376.000000	316714.829091	4158107.480202	5.000000	0.000000
377.000000	316714.914620	4158107.591887	5.000000	0.000000
378.000000	316714.999373	4158107.702559	5.000000	0.000000
379.000000	316715.081797	4158107.810189	5.000000	0.000000
380.000000	316715.160339	4158107.912751	5.000000	0.000000
381.000000	316715.233446	4158108.008215	5.000000	0.000000
382.000000	316715.299567	4158108.094556	5.000000	0.000000
383.000000	316715.404634	4158108.231755	5.000000	0.000000
384.000000	316715.500070	4158108.359285	5.000000	0.000000
385.000000	316715.579361	4158108.470760	5.000000	0.000000
386.000000	316715.634151	4158108.547789	5.000000	0.000000
387.000000	316715.697066	4158108.636242	5.000000	0.000000
388.000000	316715.766630	4158108.734043	5.000000	0.000000
389.000000	316715.841366	4158108.839114	5.000000	0.000000
390.000000	316715.919795	4158108.949378	5.000000	0.000000
391.000000	316716.000440	4158109.062757	5.000000	0.000000
392.000000	316716.081824	4158109.177175	5.000000	0.000000
393.000000	316716.162469	4158109.290555	5.000000	0.000000
394.000000	316716.240898	4158109.400819	5.000000	0.000000
395.000000	316716.315633	4158109.505890	5.000000	0.000000
396.000000	316716.385197	4158109.603690	5.000000	0.000000
397.000000	316716.448113	4158109.692144	5.000000	0.000000
398.000000	316716.548088	4158109.832700	5.000000	0.000000
399.000000	316716.639932	4158109.962359	5.000000	0.000000
400.000000	316716.718199	4158110.073857	5.000000	0.000000
401.000000	316716.772281	4158110.150901	5.000000	0.000000
402.000000	316716.834384	4158110.239373	5.000000	0.000000
403.000000	316716.903049	4158110.337193	5.000000	0.000000
404.000000	316716.976820	4158110.442285	5.000000	0.000000
405.000000	316717.054236	4158110.552571	5.000000	0.000000
406.000000	316717.133840	4158110.665974	5.000000	0.000000
407.000000	316717.214173	4158110.780415	5.000000	0.000000
408.000000	316717.293776	4158110.893818	5.000000	0.000000
409.000000	316717.371192	4158111.004104	5.000000	0.000000
410.000000	316717.444963	4158111.109196	5.000000	0.000000
411.000000	316717.513628	4158111.207017	5.000000	0.000000
412.000000	316717.575732	4158111.295488	5.000000	0.000000
413.000000	316717.674416	4158111.436072	5.000000	0.000000
414.000000	316717.763964	4158111.566725	5.000000	0.000000
415.000000	316717.838192	4158111.680886	5.000000	0.000000
416.000000	316717.889483	4158111.759770	5.000000	0.000000
417.000000	316717.948381	4158111.850354	5.000000	0.000000
418.000000	316718.013504	4158111.950511	5.000000	0.000000
419.000000	316718.083467	4158112.058112	5.000000	0.000000
420.000000	316718.156889	4158112.171032	5.000000	0.000000
421.000000	316718.232385	4158112.287142	5.000000	0.000000
422.000000	316718.308572	4158112.404317	5.000000	0.000000
423.000000	316718.384068	4158112.520427	5.000000	0.000000
424.000000	316718.457489	4158112.633347	5.000000	0.000000
425.000000	316718.527453	4158112.740949	5.000000	0.000000
426.000000	316718.592575	4158112.841105	5.000000	0.000000
427.000000	316718.651474	4158112.931689	5.000000	0.000000
428.000000	316718.745066	4158113.075631	5.000000	0.000000
429.000000	316718.827290	4158113.209438	5.000000	0.000000
430.000000	316718.890312	4158113.326419	5.000000	0.000000
431.000000	316718.983866	4158113.500075	5.000000	0.000000
432.000000	316719.039157	4158113.602706	5.000000	0.000000
433.000000	316719.098558	4158113.712966	5.000000	0.000000
434.000000	316719.160895	4158113.828676	5.000000	0.000000
435.000000	316719.224994	4158113.947656	5.000000	0.000000
436.000000	316719.289680	4158114.067725	5.000000	0.000000
437.000000	316719.353778	4158114.186705	5.000000	0.000000
438.000000	316719.416115	4158114.302415	5.000000	0.000000
439.000000	316719.475517	4158114.412675	5.000000	0.000000
440.000000	316719.530808	4158114.515306	5.000000	0.000000
441.000000	316719.624362	4158114.688962	5.000000	0.000000
442.000000	316719.714725	4158114.860906	5.000000	0.000000
443.000000	316719.771723	4158115.023277	5.000000	0.000000
444.000000	316719.802693	4158115.111501	5.000000	0.000000
445.000000	316719.838256	4158115.212809	5.000000	0.000000
446.000000	316719.877577	4158115.324824	5.000000	0.000000
447.000000	316719.919821	4158115.445165	5.000000	0.000000
448.000000	316719.964153	4158115.571454	5.000000	0.000000
449.000000	316720.009738	4158115.701311	5.000000	0.000000
450.000000	316720.055740	4158115.832358	5.000000	0.000000
451.000000	316720.101325	4158115.962215	5.000000	0.000000
452.000000	316720.145657	4158116.088504	5.000000	0.000000
453.000000	316720.187901	4158116.208845	5.000000	0.000000
454.000000	316720.227222	4158116.320860	5.000000	0.000000
455.000000	316720.262785	4158116.422168	5.000000	0.000000
456.000000	316720.319296	4158116.583152	5.000000	0.000000
457.000000	316720.358666	4158116.731927	5.000000	0.000000
458.000000	316720.368673	4158116.860372	5.000000	0.000000
459.000000	316720.383528	4158117.051046	5.000000	0.000000
460.000000	316720.392307	4158117.163735	5.000000	0.000000
461.000000	316720.401739	4158117.284800	5.000000	0.000000
462.000000	316720.411637	4158117.411849	5.000000	0.000000
463.000000	316720.421815	4158117.542489	5.000000	0.000000
464.000000	316720.432086	4158117.674325	5.000000	0.000000
465.000000	316720.442264	4158117.804964	5.000000	0.000000
466.000000	316720.452162	4158117.932013	5.000000	0.000000
467.000000	316720.461594	4158118.053079	5.000000	0.000000
468.000000	316720.470373	4158118.165767	5.000000	0.000000
469.000000	316720.485228	4158118.356441	5.000000	0.000000
470.000000	316720.497628	4158118.544537	5.000000	0.000000
471.000000	316720.480513	4158118.713454	5.000000	0.000000
472.000000	316720.460536	4158118.910627	5.000000	0.000000
473.000000	316720.448730	4158119.027156	5.000000	0.000000
474.000000	316720.436045	4158119.152349	5.000000	0.000000
475.000000	316720.422734	4158119.283728	5.000000	0.000000
476.000000	316720.409047	4158119.418820	5.000000	0.000000
477.000000	316720.395234	4158119.555150	5.000000	0.000000
478.000000	316720.381547	4158119.690242	5.000000	0.000000
479.000000	316720.368236	4158119.821622	5.000000	0.000000
480.000000	316720.355552	4158119.946814	5.000000	0.000000
481.000000	316720.343745	4158120.063344	5.000000	0.000000
482.000000	316720.323768	4158120.260516	5.000000	0.000000
483.000000	316720.302930	4158120.454134	5.000000	0.000000
484.000000	316720.270046	4158120.616853	5.000000	0.000000
485.000000	316720.231661	4158120.806792	5.000000	0.000000
486.000000	316720.208975	4158120.919047	5.000000	0.000000
487.000000	316720.184603	4158121.039647	5.000000	0.000000
488.000000	316720.159027	4158121.166206	5.000000	0.000000
489.000000	316720.132727	4158121.296342	5.000000	0.000000
490.000000	316720.106187	4158121.427671	5.000000	0.000000
491.000000	316720.079888	4158121.557807	5.000000	0.000000
492.000000	316720.054311	4158121.684366	5.000000	0.000000
493.000000	316720.029939	4158121.804966	5.000000	0.000000
494.000000	316720.007253	4158121.917220	5.000000	0.000000
495.000000	316719.968868	4158122.107159	5.000000	0.000000
496.000000	316719.930798	4158122.294246	5.000000	0.000000
497.000000	316719.894043	4158122.458688	5.000000	0.000000
498.000000	316719.851141	4158122.650637	5.000000	0.000000
499.000000	316719.825785	4158122.764079	5.000000	0.000000
500.000000	316719.798544	4158122.885955	5.000000	0.000000
501.000000	316719.769958	4158123.013854	5.000000	0.000000
502.000000	316719.740563	4158123.145367	5.000000	0.000000
503.000000	316719.710899	4158123.278084	5.000000	0.000000
504.000000	316719.681505	4158123.409597	5.000000	0.000000
505.000000	316719.652918	4158123.537496	5.000000	0.000000
506.000000	316719.625678	4158123.659372	5.000000	0.000000
507.000000	316719.600322	4158123.772814	5.000000	0.000000
508.000000	316719.557419	4158123.964763	5.000000	0.000000
509.000000	316719.514899	4158124.153707	5.000000	0.000000
510.000000	316719.474238	4158124.318234	5.000000	0.000000
511.000000	316719.426776	4158124.510284	5.000000	0.000000
512.000000	316719.398725	4158124.623786	5.000000	0.000000
513.000000	316719.368590	4158124.745725	5.000000	0.000000
514.000000	316719.336965	4158124.873691	5.000000	0.000000
515.000000	316719.304446	4158125.005273	5.000000	0.000000
516.000000	316719.271630	4158125.138061	5.000000	0.000000
517.000000	316719.239111	4158125.269643	5.000000	0.000000
518.000000	316719.207486	4158125.397609	5.000000	0.000000
519.000000	316719.177350	4158125.519548	5.000000	0.000000
520.000000	316719.149300	4158125.633050	5.000000	0.000000
521.000000	316719.101837	4158125.825099	5.000000	0.000000
522.000000	316719.053649	4158126.013437	5.000000	0.000000
523.000000	316718.993240	4158126.168583	5.000000	0.000000
524.000000	316718.922725	4158126.349681	5.000000	0.000000
525.000000	316718.881051	4158126.456711	5.000000	0.000000
526.000000	316718.836279	4158126.571697	5.000000	0.000000
527.000000	316718.789294	4158126.692366	5.000000	0.000000
528.000000	316718.740981	4158126.816445	5.000000	0.000000
529.000000	316718.692226	4158126.941661	5.000000	0.000000
530.000000	316718.643914	4158127.065740	5.000000	0.000000
531.000000	316718.596929	4158127.186409	5.000000	0.000000
532.000000	316718.552157	4158127.301395	5.000000	0.000000
533.000000	316718.510482	4158127.408425	5.000000	0.000000
534.000000	316718.439968	4158127.589523	5.000000	0.000000
535.000000	316718.368311	4158127.766977	5.000000	0.000000
536.000000	316718.277700	4158127.911336	5.000000	0.000000
537.000000	316718.171932	4158128.079842	5.000000	0.000000
538.000000	316718.109423	4158128.179430	5.000000	0.000000
539.000000	316718.042267	4158128.286422	5.000000	0.000000
540.000000	316717.971792	4158128.398701	5.000000	0.000000
541.000000	316717.899325	4158128.514153	5.000000	0.000000
542.000000	316717.826195	4158128.630662	5.000000	0.000000
543.000000	316717.753729	4158128.746114	5.000000	0.000000
544.000000	316717.683254	4158128.858393	5.000000	0.000000
545.000000	316717.616098	4158128.965384	5.000000	0.000000
546.000000	316717.553589	4158129.064972	5.000000	0.000000
547.000000	316717.447821	4158129.233479	5.000000	0.000000
548.000000	316717.341633	4158129.397438	5.000000	0.000000
549.000000	316717.223100	4158129.516232	5.000000	0.000000
550.000000	316717.084739	4158129.654899	5.000000	0.000000
551.000000	316717.002967	4158129.736851	5.000000	0.000000
552.000000	316716.915116	4158129.824895	5.000000	0.000000
553.000000	316716.822924	4158129.917291	5.000000	0.000000
554.000000	316716.728127	4158130.012298	5.000000	0.000000
555.000000	316716.632461	4158130.108175	5.000000	0.000000
556.000000	316716.537663	4158130.203181	5.000000	0.000000
557.000000	316716.445471	4158130.295577	5.000000	0.000000
558.000000	316716.357620	4158130.383621	5.000000	0.000000
559.000000	316716.275849	4158130.465574	5.000000	0.000000
560.000000	316716.137488	4158130.604240	5.000000	0.000000
561.000000	316715.999805	4158130.739057	5.000000	0.000000
562.000000	316715.861235	4158130.835386	5.000000	0.000000
563.000000	316715.699485	4158130.947829	5.000000	0.000000
564.000000	316715.603890	4158131.014283	5.000000	0.000000
565.000000	316715.501189	4158131.085677	5.000000	0.000000
566.000000	316715.393412	4158131.160599	5.000000	0.000000
567.000000	316715.282589	4158131.237639	5.000000	0.000000
568.000000	316715.170752	4158131.315384	5.000000	0.000000
569.000000	316715.059929	4158131.392424	5.000000	0.000000
570.000000	316714.952152	4158131.467346	5.000000	0.000000
571.000000	316714.849451	4158131.538740	5.000000	0.000000
572.000000	316714.753856	4158131.605194	5.000000	0.000000
573.000000	316714.592106	4158131.717636	5.000000	0.000000
574.000000	316714.431698	4158131.826879	5.000000	0.000000
575.000000	316714.277069	4158131.903927	5.000000	0.000000
576.000000	316714.193052	4158131.945790	5.000000	0.000000
577.000000	316714.096574	4158131.993863	5.000000	0.000000
578.000000	316713.989900	4158132.047016	5.000000	0.000000
579.000000	316713.875297	4158132.104120	5.000000	0.000000
580.000000	316713.755030	4158132.164046	5.000000	0.000000
581.000000	316713.631365	4158132.225665	5.000000	0.000000
582.000000	316713.506566	4158132.287849	5.000000	0.000000
583.000000	316713.382901	4158132.349469	5.000000	0.000000
584.000000	316713.262634	4158132.409395	5.000000	0.000000
585.000000	316713.148031	4158132.466499	5.000000	0.000000
586.000000	316713.041357	4158132.519652	5.000000	0.000000
587.000000	316712.944879	4158132.567724	5.000000	0.000000
588.000000	316712.791572	4158132.644114	5.000000	0.000000
589.000000	316712.647397	4158132.708508	5.000000	0.000000
590.000000	316712.518272	4158132.752532	5.000000	0.000000
591.000000	316712.429047	4158132.782953	5.000000	0.000000
592.000000	316712.326589	4158132.817885	5.000000	0.000000
593.000000	316712.213304	4158132.856509	5.000000	0.000000
594.000000	316712.091597	4158132.898005	5.000000	0.000000
595.000000	316711.963876	4158132.941551	5.000000	0.000000
596.000000	316711.832545	4158132.986327	5.000000	0.000000
597.000000	316711.700011	4158133.031514	5.000000	0.000000
598.000000	316711.568681	4158133.076290	5.000000	0.000000
599.000000	316711.440959	4158133.119836	5.000000	0.000000
600.000000	316711.319253	4158133.161331	5.000000	0.000000
601.000000	316711.205968	4158133.199955	5.000000	0.000000
602.000000	316711.103510	4158133.234888	5.000000	0.000000
603.000000	316710.940700	4158133.290397	5.000000	0.000000
604.000000	316710.790418	4158133.336887	5.000000	0.000000
605.000000	316710.661008	4158133.368051	5.000000	0.000000
606.000000	316710.468904	4158133.414313	5.000000	0.000000
607.000000	316710.355370	4158133.441655	5.000000	0.000000
608.000000	316710.233396	4158133.471028	5.000000	0.000000
609.000000	316710.105393	4158133.501854	5.000000	0.000000
610.000000	316709.973774	4158133.533550	5.000000	0.000000
611.000000	316709.840949	4158133.565537	5.000000	0.000000
612.000000	316709.709329	4158133.597234	5.000000	0.000000
613.000000	316709.581327	4158133.628059	5.000000	0.000000
614.000000	316709.459353	4158133.657433	5.000000	0.000000
615.000000	316709.345818	4158133.684774	5.000000	0.000000
616.000000	316709.153714	4158133.731037	5.000000	0.000000
617.000000	316708.964317	4158133.775849	5.000000	0.000000
618.000000	316708.795619	4158133.805755	5.000000	0.000000
619.000000	316708.598703	4158133.840663	5.000000	0.000000
620.000000	316708.482324	4158133.861294	5.000000	0.000000
621.000000	316708.357294	4158133.883459	5.000000	0.000000
622.000000	316708.226085	4158133.906720	5.000000	0.000000
623.000000	316708.091168	4158133.930637	5.000000	0.000000
624.000000	316707.955015	4158133.954774	5.000000	0.000000
625.000000	316707.820098	4158133.978691	5.000000	0.000000
626.000000	316707.688889	4158134.001951	5.000000	0.000000
627.000000	316707.563859	4158134.024116	5.000000	0.000000
628.000000	316707.447480	4158134.044747	5.000000	0.000000
629.000000	316707.250563	4158134.079656	5.000000	0.000000
630.000000	316707.056626	4158134.113410	5.000000	0.000000
631.000000	316706.886445	4158134.135167	5.000000	0.000000
632.000000	316706.793979	4158134.146989	5.000000	0.000000
633.000000	316706.687798	4158134.160564	5.000000	0.000000
634.000000	316706.570396	4158134.175574	5.000000	0.000000
635.000000	316706.444268	4158134.191699	5.000000	0.000000
636.000000	316706.311905	4158134.208621	5.000000	0.000000
637.000000	316706.175802	4158134.226022	5.000000	0.000000
638.000000	316706.038453	4158134.243582	5.000000	0.000000
639.000000	316705.902350	4158134.260983	5.000000	0.000000
640.000000	316705.769988	4158134.277905	5.000000	0.000000
641.000000	316705.643859	4158134.294030	5.000000	0.000000
642.000000	316705.526457	4158134.309040	5.000000	0.000000
643.000000	316705.420277	4158134.322615	5.000000	0.000000
644.000000	316705.251551	4158134.344186	5.000000	0.000000
645.000000	316705.093654	4158134.363662	5.000000	0.000000
646.000000	316704.953665	4158134.379620	5.000000	0.000000
647.000000	316704.856934	4158134.390647	5.000000	0.000000
648.000000	316704.745856	4158134.403310	5.000000	0.000000
649.000000	316704.623040	4158134.417310	5.000000	0.000000
650.000000	316704.491094	4158134.432351	5.000000	0.000000
651.000000	316704.352627	4158134.448136	5.000000	0.000000
652.000000	316704.210247	4158134.464366	5.000000	0.000000
653.000000	316704.066563	4158134.480745	5.000000	0.000000
654.000000	316703.924183	4158134.496976	5.000000	0.000000
655.000000	316703.785716	4158134.512761	5.000000	0.000000
656.000000	316703.653770	4158134.527802	5.000000	0.000000
657.000000	316703.530954	4158134.541802	5.000000	0.000000
658.000000	316703.419876	4158134.554464	5.000000	0.000000
659.000000	316703.243368	4158134.574585	5.000000	0.000000
660.000000	316703.080003	4158134.585142	5.000000	0.000000
661.000000	316702.938508	4158134.579260	5.000000	0.000000
662.000000	316702.840735	4158134.575195	5.000000	0.000000
663.000000	316702.728462	4158134.570528	5.000000	0.000000
664.000000	316702.604324	4158134.565368	5.000000	0.000000
665.000000	316702.470958	4158134.559824	5.000000	0.000000
666.000000	316702.331000	4158134.554006	5.000000	0.000000
667.000000	316702.187088	4158134.548023	5.000000	0.000000
668.000000	316702.041858	4158134.541986	5.000000	0.000000
669.000000	316701.897945	4158134.536003	5.000000	0.000000
670.000000	316701.757988	4158134.530185	5.000000	0.000000
671.000000	316701.624622	4158134.524641	5.000000	0.000000
672.000000	316701.500484	4158134.519481	5.000000	0.000000
673.000000	316701.388210	4158134.514814	5.000000	0.000000
674.000000	316701.209803	4158134.507397	5.000000	0.000000
675.000000	316701.057109	4158134.494164	5.000000	0.000000
676.000000	316700.872622	4158134.454724	5.000000	0.000000
677.000000	316700.690336	4158134.415754	5.000000	0.000000
678.000000	316700.587504	4158134.393770	5.000000	0.000000
679.000000	316700.479590	4158134.370700	5.000000	0.000000
680.000000	316700.368626	4158134.346977	5.000000	0.000000
681.000000	316700.256646	4158134.323038	5.000000	0.000000
682.000000	316700.145682	4158134.299315	5.000000	0.000000
683.000000	316700.037768	4158134.276245	5.000000	0.000000
684.000000	316699.934936	4158134.254261	5.000000	0.000000
685.000000	316699.752651	4158134.215291	5.000000	0.000000
686.000000	316699.568163	4158134.175850	5.000000	0.000000
687.000000	316699.419714	4158134.136293	5.000000	0.000000
688.000000	316699.232236	4158134.082695	5.000000	0.000000
689.000000	316699.078902	4158134.038859	5.000000	0.000000
690.000000	316698.916693	4158133.992485	5.000000	0.000000
691.000000	316698.757441	4158133.946956	5.000000	0.000000
692.000000	316698.612981	4158133.905657	5.000000	0.000000
693.000000	316698.449909	4158133.859036	5.000000	0.000000
694.000000	316698.293638	4158133.811366	5.000000	0.000000
695.000000	316698.132828	4158133.760218	5.000000	0.000000
696.000000	316698.001304	4158133.718385	5.000000	0.000000
697.000000	316697.862168	4158133.674131	5.000000	0.000000
698.000000	316697.725570	4158133.630684	5.000000	0.000000
699.000000	316697.547632	4158133.574089	5.000000	0.000000
700.000000	316697.366699	4158133.518127	5.000000	0.000000
701.000000	316697.177277	4158133.465235	5.000000	0.000000
702.000000	316696.988645	4158133.412564	5.000000	0.000000
703.000000	316696.934744	4158133.465962	0.000000	0.000000
