0,250204.6315,3688246.636,126.317125,33.3044035
1,250204.7847,3688246.509,126.3171267,33.3044024
2,250204.9423,3688246.386,126.3171284,33.30440132
3,250205.0812,3688246.252,126.3171299,33.30440015
4,250205.2434,3688246.131,126.3171317,33.3043991
5,250205.3871,3688245.999,126.3171333,33.30439794
6,250205.5336,3688245.863,126.3171349,33.30439675
7,250205.6795,3688245.725,126.3171365,33.30439554
8,250205.8333,3688245.593,126.3171382,33.30439439
9,250205.974,3688245.45,126.3171397,33.30439313
10,250206.1254,3688245.315,126.3171414,33.30439195
11,250206.2733,3688245.179,126.317143,33.30439076
12,250206.4155,3688245.039,126.3171446,33.30438953
13,250206.5694,3688244.911,126.3171463,33.30438841
14,250206.7606,3688244.843,126.3171483,33.30438784
15,250206.9331,3688244.735,126.3171502,33.30438692
16,250207.0915,3688244.608,126.317152,33.3043858
17,250207.2338,3688244.485,126.3171535,33.30438473
18,250207.3801,3688244.347,126.3171551,33.30438352
19,250207.5358,3688244.225,126.3171568,33.30438245
20,250207.6911,3688244.098,126.3171585,33.30438134
21,250207.8385,3688243.962,126.3171601,33.30438015
22,250207.9859,3688243.826,126.3171618,33.30437896
23,250208.1346,3688243.702,126.3171634,33.30437788
24,250208.2889,3688243.576,126.3171651,33.30437678
25,250208.4191,3688243.428,126.3171665,33.30437548
26,250208.562,3688243.289,126.3171681,33.30437425
27,250208.7088,3688243.152,126.3171697,33.30437306
28,250208.8428,3688243.019,126.3171712,33.30437189
29,250208.9854,3688242.881,126.3171728,33.30437068
30,250209.1251,3688242.758,126.3171743,33.3043696
31,250209.2579,3688242.611,126.3171758,33.30436831
32,250209.3978,3688242.466,126.3171773,33.30436703
33,250209.5384,3688242.324,126.3171788,33.30436578
34,250209.6838,3688242.184,126.3171804,33.30436456
35,250209.8317,3688242.046,126.3171821,33.30436336
36,250209.9732,3688241.912,126.3171836,33.30436217
37,250210.1069,3688241.761,126.3171851,33.30436085
38,250210.2502,3688241.621,126.3171867,33.30435962
39,250210.372,3688241.464,126.317188,33.30435823
40,250210.5044,3688241.317,126.3171895,33.30435694
41,250210.6376,3688241.168,126.317191,33.30435563
42,250210.7611,3688241.016,126.3171923,33.30435428
43,250210.9066,3688240.878,126.3171939,33.30435308
44,250211.0503,3688240.743,126.3171955,33.30435189
45,250211.1744,3688240.587,126.3171969,33.30435052
46,250211.309,3688240.445,126.3171984,33.30434926
47,250211.4462,3688240.302,126.3171999,33.30434801
48,250211.5776,3688240.154,126.3172013,33.30434672
49,250211.7104,3688240.007,126.3172028,33.30434541
50,250211.8353,3688239.85,126.3172042,33.30434403
51,250211.9552,3688239.697,126.3172055,33.30434268
52,250212.0902,3688239.549,126.317207,33.30434137
53,250212.213,3688239.391,126.3172083,33.30433998
54,250212.3298,3688239.229,126.3172096,33.30433855
55,250212.4572,3688239.078,126.3172111,33.30433722
56,250212.5757,3688238.919,126.3172124,33.30433581
57,250212.6937,3688238.759,126.3172137,33.3043344
58,250212.8209,3688238.606,126.3172151,33.30433306
59,250212.9386,3688238.449,126.3172164,33.30433166
60,250213.0558,3688238.288,126.3172177,33.30433024
61,250213.1735,3688238.132,126.317219,33.30432886
62,250213.2937,3688237.972,126.3172203,33.30432745
63,250213.4125,3688237.812,126.3172217,33.30432603
64,250213.5502,3688237.667,126.3172232,33.30432476
65,250213.6657,3688237.509,126.3172245,33.30432336
66,250213.7946,3688237.359,126.3172259,33.30432204
67,250213.9274,3688237.212,126.3172273,33.30432075
68,250214.0472,3688237.056,126.3172287,33.30431937
69,250214.1724,3688236.903,126.3172301,33.30431801
70,250214.3017,3688236.761,126.3172315,33.30431677
71,250214.4417,3688236.618,126.317233,33.30431551
72,250214.5753,3688236.472,126.3172345,33.30431422
73,250214.7017,3688236.318,126.3172359,33.30431287
74,250214.8378,3688236.18,126.3172374,33.30431166
75,250214.9662,3688236.04,126.3172388,33.30431043
76,250215.0894,3688235.882,126.3172402,33.30430903
77,250215.2277,3688235.736,126.3172417,33.30430775
78,250215.372,3688235.602,126.3172433,33.30430658
79,250215.5023,3688235.455,126.3172447,33.30430528
80,250215.6465,3688235.317,126.3172463,33.30430407
81,250215.6465,3688235.317,126.3172463,33.30430407
82,250215.7658,3688235.161,126.3172476,33.30430269
83,250215.8914,3688235.009,126.317249,33.30430135
84,250216.017,3688234.859,126.3172504,33.30430003
85,250216.142,3688234.707,126.3172518,33.30429869
86,250216.2785,3688234.563,126.3172533,33.30429743
87,250216.4267,3688234.431,126.3172549,33.30429627
88,250216.5776,3688234.301,126.3172566,33.30429513
89,250216.7312,3688234.177,126.3172583,33.30429405
90,250216.8879,3688234.058,126.31726,33.30429302
91,250217.0506,3688233.945,126.3172618,33.30429204
92,250217.2131,3688233.832,126.3172635,33.30429106
93,250217.3799,3688233.726,126.3172654,33.30429014
94,250217.5426,3688233.616,126.3172671,33.30428918
95,250217.7046,3688233.504,126.3172689,33.30428821
96,250217.8748,3688233.406,126.3172708,33.30428737
97,250218.0423,3688233.302,126.3172726,33.30428647
98,250218.2058,3688233.192,126.3172744,33.30428552
99,250218.3739,3688233.09,126.3172762,33.30428464
100,250218.5355,3688232.98,126.317278,33.30428368
101,250218.7031,3688232.875,126.3172798,33.30428278
102,250218.8647,3688232.767,126.3172816,33.30428184
103,250219.0346,3688232.663,126.3172834,33.30428095
104,250219.1961,3688232.554,126.3172852,33.30428
105,250219.3482,3688232.429,126.3172868,33.30427891
106,250219.5145,3688232.322,126.3172886,33.30427798
107,250219.672,3688232.207,126.3172904,33.30427698
108,250219.8212,3688232.075,126.317292,33.30427583
109,250219.9767,3688231.951,126.3172937,33.30427475
110,250220.1301,3688231.826,126.3172954,33.30427366
111,250220.2837,3688231.702,126.3172971,33.30427257
112,250220.4332,3688231.575,126.3172987,33.30427147
113,250220.5777,3688231.444,126.3173003,33.30427032
114,250220.7226,3688231.311,126.3173019,33.30426916
115,250220.8672,3688231.182,126.3173035,33.30426802
116,250221.0139,3688231.047,126.3173051,33.30426685
117,250221.1635,3688230.919,126.3173067,33.30426572
118,250221.2913,3688230.774,126.3173081,33.30426445
119,250221.4361,3688230.641,126.3173097,33.30426329
120,250221.5854,3688230.511,126.3173114,33.30426215
121,250221.7202,3688230.367,126.3173129,33.30426088
122,250221.862,3688230.231,126.3173144,33.30425969
123,250222.0043,3688230.094,126.317316,33.30425848
124,250222.1442,3688229.957,126.3173175,33.30425728
125,250222.2947,3688229.829,126.3173192,33.30425617
126,250222.4297,3688229.683,126.3173207,33.30425488
127,250222.5803,3688229.557,126.3173223,33.30425379
128,250222.7124,3688229.413,126.3173238,33.30425252
129,250222.8553,3688229.278,126.3173253,33.30425133
130,250222.9875,3688229.132,126.3173268,33.30425005
131,250223.1252,3688228.991,126.3173283,33.30424881
132,250223.2779,3688228.865,126.31733,33.30424771
133,250223.409,3688228.717,126.3173314,33.3042464
134,250223.5472,3688228.577,126.317333,33.30424517
135,250223.6863,3688228.436,126.3173345,33.30424394
136,250223.8257,3688228.296,126.317336,33.30424271
137,250223.9601,3688228.16,126.3173375,33.30424152
138,250224.1026,3688228.023,126.3173391,33.30424032
139,250224.2408,3688227.884,126.3173406,33.30423909
140,250224.3821,3688227.749,126.3173421,33.30423791
141,250224.528,3688227.618,126.3173437,33.30423676
142,250224.675,3688227.486,126.3173454,33.30423561
143,250224.8272,3688227.365,126.317347,33.30423456
144,250224.9781,3688227.239,126.3173487,33.30423346
145,250225.124,3688227.103,126.3173503,33.30423226
146,250225.2738,3688226.975,126.3173519,33.30423114
147,250225.4183,3688226.839,126.3173535,33.30422995
148,250225.5696,3688226.711,126.3173552,33.30422883
149,250225.7148,3688226.574,126.3173568,33.30422763
150,250225.8666,3688226.45,126.3173584,33.30422655
151,250226.0158,3688226.318,126.3173601,33.3042254
152,250226.1696,3688226.199,126.3173617,33.30422436
153,250226.314,3688226.063,126.3173633,33.30422317
154,250226.464,3688225.934,126.317365,33.30422204
155,250226.616,3688225.812,126.3173666,33.30422098
156,250226.7669,3688225.684,126.3173683,33.30421986
157,250226.8995,3688225.54,126.3173698,33.30421859
158,250227.0551,3688225.421,126.3173715,33.30421756
159,250227.2017,3688225.29,126.3173731,33.30421641
160,250227.3491,3688225.156,126.3173747,33.30421523
161,250227.4987,3688225.028,126.3173763,33.30421412
162,250227.651,3688224.9,126.317378,33.304213
163,250227.8032,3688224.772,126.3173797,33.30421188
164,250227.9491,3688224.642,126.3173813,33.30421074
165,250228.1012,3688224.516,126.3173829,33.30420964
166,250228.2468,3688224.383,126.3173845,33.30420848
167,250228.3977,3688224.257,126.3173862,33.30420738
168,250228.5421,3688224.124,126.3173878,33.30420621
169,250228.6906,3688223.994,126.3173894,33.30420507
170,250228.8411,3688223.865,126.3173911,33.30420395
171,250228.9881,3688223.735,126.3173927,33.30420281
172,250229.1171,3688223.59,126.3173941,33.30420153
173,250229.2733,3688223.474,126.3173958,33.30420052
174,250229.4177,3688223.338,126.3173974,33.30419933
175,250229.5665,3688223.207,126.317399,33.30419819
176,250229.7135,3688223.074,126.3174006,33.30419702
177,250229.8553,3688222.936,126.3174022,33.30419581
178,250229.9955,3688222.795,126.3174037,33.30419457
179,250230.1399,3688222.659,126.3174053,33.30419338
180,250230.2778,3688222.518,126.3174068,33.30419214
181,250230.4184,3688222.382,126.3174084,33.30419095
182,250230.5592,3688222.244,126.3174099,33.30418974
183,250230.6982,3688222.105,126.3174115,33.30418852
184,250230.8426,3688221.97,126.3174131,33.30418734
185,250230.9741,3688221.825,126.3174145,33.30418606
186,250231.1183,3688221.694,126.3174161,33.30418491
187,250231.2583,3688221.554,126.3174176,33.30418369
188,250231.3917,3688221.407,126.3174191,33.3041824
189,250231.5316,3688221.266,126.3174206,33.30418115
190,250231.664,3688221.121,126.3174221,33.30417988
191,250231.809,3688220.986,126.3174237,33.30417869
192,250231.9365,3688220.837,126.3174251,33.30417738
193,250232.0794,3688220.7,126.3174267,33.30417618
194,250232.2326,3688220.579,126.3174284,33.30417512
195,250232.3781,3688220.446,126.31743,33.30417397
196,250232.5288,3688220.321,126.3174316,33.30417287
197,250232.6849,3688220.2,126.3174333,33.30417182
198,250232.849,3688220.09,126.3174351,33.30417087
199,250233.0169,3688219.984,126.3174369,33.30416994
200,250233.1898,3688219.886,126.3174388,33.3041691
201,250233.3618,3688219.791,126.3174407,33.30416829
202,250233.5347,3688219.695,126.3174426,33.30416747
203,250233.7129,3688219.609,126.3174445,33.30416673
204,250233.8854,3688219.511,126.3174464,33.30416589
205,250234.0582,3688219.412,126.3174483,33.30416503
206,250234.2271,3688219.312,126.3174501,33.30416417
207,250234.392,3688219.202,126.3174519,33.30416322
208,250234.5465,3688219.08,126.3174536,33.30416216
209,250234.6882,3688218.943,126.3174552,33.30416095
210,250234.8252,3688218.802,126.3174567,33.30415971
211,250234.962,3688218.658,126.3174582,33.30415845
212,250235.0951,3688218.514,126.3174596,33.30415719
213,250235.2304,3688218.373,126.3174611,33.30415595
214,250235.3491,3688218.215,126.3174624,33.30415455
215,250235.4717,3688218.06,126.3174638,33.30415318
216,250235.6036,3688217.916,126.3174653,33.30415192
217,250235.7176,3688217.752,126.3174665,33.30415047
218,250235.8287,3688217.592,126.3174678,33.30414905
219,250235.9455,3688217.434,126.3174691,33.30414765
220,250236.054,3688217.271,126.3174703,33.30414621
221,250236.1492,3688217.096,126.3174713,33.30414465
222,250236.2337,3688216.918,126.3174723,33.30414307
223,250236.312,3688216.738,126.3174732,33.30414146
224,250236.3794,3688216.555,126.317474,33.30413983
225,250236.4369,3688216.364,126.3174746,33.30413813
226,250236.4842,3688216.175,126.3174752,33.30413643
227,250236.5555,3688215.99,126.317476,33.30413478
228,250236.5952,3688215.797,126.3174765,33.30413306
229,250236.6264,3688215.603,126.3174769,33.30413131
230,250236.6586,3688215.408,126.3174773,33.30412956
231,250236.6755,3688215.212,126.3174775,33.3041278
232,250236.6895,3688215.018,126.3174777,33.30412605
233,250236.6942,3688214.825,126.3174778,33.30412432
234,250236.697,3688214.629,126.3174779,33.30412256
235,250236.6851,3688214.435,126.3174778,33.3041208
236,250236.6654,3688214.238,126.3174777,33.30411902
237,250236.6292,3688214.045,126.3174773,33.30411728
238,250236.5933,3688213.854,126.317477,33.30411554
239,250236.551,3688213.659,126.3174766,33.30411378
240,250236.4843,3688213.473,126.3174759,33.30411208
241,250236.4291,3688213.282,126.3174754,33.30411036
242,250236.3642,3688213.096,126.3174748,33.30410866
243,250236.3049,3688212.911,126.3174742,33.30410698
244,250236.2381,3688212.732,126.3174735,33.30410535
245,250236.1715,3688212.553,126.3174728,33.30410372
246,250236.0948,3688212.373,126.3174721,33.30410208
247,250236.0356,3688212.187,126.3174715,33.3041004
248,250235.9406,3688212.026,126.3174705,33.30409893
249,250235.8714,3688211.845,126.3174698,33.30409728
250,250235.7898,3688211.666,126.317469,33.30409564
251,250235.7058,3688211.498,126.3174681,33.30409411
252,250235.658,3688211.307,126.3174677,33.30409238
253,250235.5758,3688211.137,126.3174668,33.30409083
254,250235.4943,3688210.957,126.317466,33.30408919
255,250235.4193,3688210.774,126.3174653,33.30408752
256,250235.3767,3688210.583,126.3174648,33.30408579
257,250235.3402,3688210.455,126.3174645,33.30408463
258,250235.2889,3688210.27,126.317464,33.30408295
259,250235.2668,3688210.079,126.3174638,33.30408123
260,250235.2332,3688209.89,126.3174635,33.30407952
261,250235.1891,3688209.707,126.3174631,33.30407785
262,250235.1614,3688209.511,126.3174628,33.30407608
263,250235.1565,3688209.32,126.3174628,33.30407436
264,250235.1204,3688209.133,126.3174625,33.30407267
265,250235.1167,3688208.944,126.3174625,33.30407097
266,250235.133,3688208.778,126.3174627,33.30406947
267,250235.1628,3688208.603,126.3174631,33.3040679
268,250235.1974,3688208.425,126.3174635,33.3040663
269,250235.2612,3688208.24,126.3174643,33.30406466
270,250235.3531,3688208.069,126.3174653,33.30406313
271,250235.4155,3688207.923,126.317466,33.30406183
272,250235.5356,3688207.776,126.3174673,33.30406054
273,250235.6584,3688207.638,126.3174687,33.30405932
274,250235.7924,3688207.505,126.3174702,33.30405816
275,250235.9326,3688207.376,126.3174717,33.30405703
276,250236.0835,3688207.261,126.3174734,33.30405602
277,250236.1855,3688207.163,126.3174745,33.30405517
278,250236.3061,3688207.105,126.3174758,33.30405467
279,250236.46,3688206.993,126.3174775,33.3040537
280,250236.5583,3688206.89,126.3174785,33.3040528
281,250236.7204,3688206.843,126.3174803,33.3040524
282,250236.8858,3688206.777,126.3174821,33.30405185
283,250237.0619,3688206.715,126.317484,33.30405133
284,250237.2443,3688206.655,126.317486,33.30405083
285,250237.4126,3688206.559,126.3174878,33.30405001
286,250237.579,3688206.461,126.3174896,33.30404917
287,250237.7347,3688206.366,126.3174913,33.30404834
288,250237.9052,3688206.273,126.3174932,33.30404755
289,250238.0628,3688206.184,126.3174949,33.30404678
290,250238.1948,3688206.113,126.3174963,33.30404617
291,250238.3334,3688205.99,126.3174978,33.3040451
292,250238.4969,3688205.895,126.3174996,33.30404427
293,250238.6626,3688205.827,126.3175014,33.3040437
294,250238.831,3688205.775,126.3175032,33.30404327
295,250239.0118,3688205.706,126.3175052,33.30404269
296,250239.1778,3688205.658,126.317507,33.3040423
297,250239.3373,3688205.603,126.3175087,33.30404184
298,250239.5311,3688205.616,126.3175108,33.304042
299,250239.6876,3688205.607,126.3175125,33.30404195
300,250239.8513,3688205.608,126.3175142,33.304042
301,250240.05,3688205.602,126.3175164,33.304042
302,250240.2334,3688205.579,126.3175183,33.30404183
303,250240.4321,3688205.574,126.3175205,33.30404183
304,250240.6256,3688205.595,126.3175225,33.30404207
305,250240.816,3688205.626,126.3175246,33.30404239
306,250240.9998,3688205.67,126.3175265,33.30404283
307,250241.1899,3688205.702,126.3175286,33.30404317
308,250241.3681,3688205.765,126.3175305,33.30404377
309,250241.5524,3688205.832,126.3175324,33.30404442
310,250241.7339,3688205.892,126.3175344,33.304045
311,250241.9189,3688205.924,126.3175363,33.30404533
312,250242.1048,3688205.975,126.3175383,33.30404583
313,250242.2826,3688206.044,126.3175402,33.3040465
314,250242.4514,3688206.125,126.317542,33.30404726
315,250242.6353,3688206.183,126.3175439,33.30404783
316,250242.8115,3688206.249,126.3175458,33.30404846
317,250242.986,3688206.333,126.3175477,33.30404926
318,250243.1671,3688206.409,126.3175496,33.30404999
319,250243.3465,3688206.446,126.3175515,33.30405036
320,250243.5187,3688206.526,126.3175533,33.30405112
321,250243.6972,3688206.566,126.3175552,33.30405153
322,250243.888,3688206.595,126.3175573,33.30405183
323,250244.084,3688206.609,126.3175594,33.304052
324,250244.2833,3688206.603,126.3175615,33.304052
325,250244.4766,3688206.58,126.3175636,33.30405183
326,250244.6711,3688206.556,126.3175657,33.30405167
327,250244.8658,3688206.533,126.3175678,33.3040515
328,250245.0556,3688206.491,126.3175698,33.30405117
329,250245.2439,3688206.441,126.3175719,33.30405075
330,250245.4299,3688206.381,126.3175739,33.30405026
331,250245.6119,3688206.31,126.3175759,33.30404967
332,250245.7785,3688206.213,126.3175777,33.30404883
333,250245.9451,3688206.118,126.3175795,33.30404801
334,250246.096,3688205.996,126.3175811,33.30404694
335,250246.2496,3688205.876,126.3175828,33.3040459
336,250246.3875,3688205.735,126.3175843,33.30404467
337,250246.5144,3688205.585,126.3175857,33.30404334
338,250246.631,3688205.428,126.317587,33.30404195
339,250246.7342,3688205.261,126.3175882,33.30404048
340,250246.8204,3688205.087,126.3175892,33.30403893
341,250246.907,3688204.913,126.3175901,33.30403738
342,250247.0092,3688204.745,126.3175913,33.30403588
343,250247.1016,3688204.572,126.3175923,33.30403435
344,250247.193,3688204.399,126.3175933,33.30403281
345,250247.2639,3688204.217,126.3175942,33.30403119
346,250247.3441,3688204.041,126.3175951,33.30402962
347,250247.421,3688203.86,126.3175959,33.30402801
348,250247.4764,3688203.671,126.3175966,33.30402632
349,250247.5347,3688203.482,126.3175973,33.30402463
350,250247.5768,3688203.291,126.3175978,33.30402292
351,250247.6199,3688203.097,126.3175983,33.30402118
352,250247.652,3688202.903,126.3175987,33.30401944
353,250247.665,3688202.706,126.3175989,33.30401767
354,250247.6714,3688202.51,126.317599,33.3040159
355,250247.6666,3688202.313,126.317599,33.30401413
356,250247.6394,3688202.121,126.3175988,33.30401239
357,250247.6096,3688201.928,126.3175985,33.30401065
358,250247.5413,3688201.742,126.3175978,33.30400895
359,250247.498,3688201.55,126.3175974,33.30400721
360,250247.4546,3688201.357,126.317597,33.30400546
361,250247.3884,3688201.175,126.3175963,33.30400381
362,250247.3334,3688201.009,126.3175958,33.3040023
363,250247.2883,3688200.831,126.3175954,33.30400069
364,250247.2288,3688200.66,126.3175948,33.30399913
365,250247.1836,3688200.469,126.3175943,33.3039974
366,250247.1639,3688200.293,126.3175942,33.30399581
367,250247.1466,3688200.102,126.317594,33.30399409
368,250247.1079,3688199.927,126.3175937,33.3039925
369,250247.1021,3688199.75,126.3175937,33.3039909
370,250247.0827,3688199.553,126.3175935,33.30398913
371,250247.0531,3688199.364,126.3175932,33.30398742
372,250247.0114,3688199.207,126.3175928,33.30398599
373,250247.0067,3688199.015,126.3175928,33.30398426
374,250246.9862,3688198.819,126.3175927,33.30398249
375,250246.9811,3688198.62,126.3175927,33.30398069
376,250246.9938,3688198.43,126.3175929,33.30397899
377,250247.0308,3688198.239,126.3175933,33.30397727
378,250247.0702,3688198.051,126.3175938,33.30397559
379,250247.135,3688197.866,126.3175945,33.30397394
380,250247.2146,3688197.706,126.3175954,33.30397251
381,250247.3014,3688197.53,126.3175964,33.30397095
382,250247.4225,3688197.389,126.3175977,33.30396971
383,250247.5588,3688197.254,126.3175992,33.30396852
384,250247.6858,3688197.113,126.3176006,33.30396728
385,250247.828,3688197.004,126.3176022,33.30396633
386,250247.9565,3688196.877,126.3176036,33.30396522
387,250248.126,3688196.777,126.3176055,33.30396436
388,250248.2664,3688196.671,126.317607,33.30396343
389,250248.409,3688196.564,126.3176086,33.3039625
390,250248.5611,3688196.467,126.3176102,33.30396166
391,250248.7068,3688196.356,126.3176118,33.3039607
392,250248.8531,3688196.256,126.3176134,33.30395983
393,250249.0229,3688196.178,126.3176152,33.30395917
394,250249.202,3688196.107,126.3176172,33.30395857
395,250249.3857,3688196.03,126.3176192,33.30395791
396,250249.5753,3688195.977,126.3176212,33.30395748
397,250249.7637,3688195.933,126.3176233,33.30395713
398,250249.959,3688195.904,126.3176254,33.30395691
399,250250.1426,3688195.84,126.3176274,33.30395638
400,250250.3367,3688195.809,126.3176294,33.30395615
401,250250.5143,3688195.77,126.3176314,33.30395583
402,250250.6887,3688195.714,126.3176333,33.30395537
403,250250.882,3688195.686,126.3176353,33.30395517
404,250251.0751,3688195.663,126.3176374,33.303955
405,250251.2683,3688195.635,126.3176395,33.30395479
406,250251.4599,3688195.597,126.3176416,33.3039545
407,250251.6407,3688195.593,126.3176435,33.3039545
408,250251.8269,3688195.569,126.3176455,33.30395433
409,250252.0222,3688195.582,126.3176476,33.30395449
410,250252.215,3688195.578,126.3176497,33.3039545
411,250252.3883,3688195.592,126.3176515,33.30395467
412,250252.58,3688195.622,126.3176536,33.30395498
413,250252.7757,3688195.638,126.3176557,33.30395517
414,250252.9624,3688195.688,126.3176577,33.30395567
415,250253.1529,3688195.721,126.3176597,33.303956
416,250253.3403,3688195.771,126.3176617,33.3039565
417,250253.5294,3688195.83,126.3176637,33.30395707
418,250253.7184,3688195.888,126.3176657,33.30395764
419,250253.907,3688195.924,126.3176677,33.30395801
420,250254.0796,3688196.013,126.3176696,33.30395885
421,250254.2588,3688196.097,126.3176715,33.30395965
422,250254.4147,3688196.199,126.3176731,33.3039606
423,250254.5819,3688196.297,126.3176749,33.30396152
424,250254.743,3688196.407,126.3176766,33.30396255
425,250254.8895,3688196.538,126.3176781,33.30396377
426,250255.0112,3688196.689,126.3176794,33.30396516
427,250255.1568,3688196.822,126.3176809,33.30396639
428,250255.2877,3688196.969,126.3176823,33.30396774
429,250255.437,3688197.098,126.3176838,33.30396894
430,250255.5889,3688197.223,126.3176854,33.3039701
431,250255.7462,3688197.336,126.3176871,33.30397116
432,250255.9147,3688197.437,126.3176889,33.30397211
433,250256.0842,3688197.537,126.3176906,33.30397305
434,250256.2597,3688197.627,126.3176925,33.3039739
435,250256.4476,3688197.689,126.3176945,33.3039745
436,250256.6251,3688197.772,126.3176964,33.30397529
437,250256.814,3688197.835,126.3176984,33.3039759
438,250257.0016,3688197.898,126.3177004,33.30397652
439,250257.1907,3688197.962,126.3177024,33.30397713
440,250257.383,3688198.006,126.3177044,33.30397757
441,250257.5732,3688198.066,126.3177065,33.30397816
442,250257.7644,3688198.118,126.3177085,33.30397867
443,250257.9556,3688198.16,126.3177106,33.3039791
444,250258.1438,3688198.22,126.3177126,33.30397968
445,250258.3228,3688198.3,126.3177145,33.30398044
446,250258.5095,3688198.363,126.3177164,33.30398105
447,250258.6883,3688198.445,126.3177183,33.30398183
448,250258.8678,3688198.523,126.3177202,33.30398257
449,250259.0368,3688198.622,126.317722,33.30398351
450,250259.2086,3688198.722,126.3177238,33.30398444
451,250259.3646,3688198.834,126.3177255,33.30398549
452,250259.5205,3688198.951,126.3177271,33.30398658
453,250259.6669,3688199.084,126.3177287,33.30398782
454,250259.7981,3688199.233,126.31773,33.30398919
455,250259.9204,3688199.389,126.3177313,33.30399063
456,250260.0341,3688199.552,126.3177325,33.30399212
457,250260.1304,3688199.724,126.3177335,33.30399369
458,250260.2154,3688199.899,126.3177343,33.30399528
459,250260.2683,3688200.09,126.3177348,33.30399702
460,250260.3212,3688200.276,126.3177353,33.3039987
461,250260.3713,3688200.466,126.3177358,33.30400043
462,250260.4074,3688200.659,126.3177362,33.30400218
463,250260.4278,3688200.855,126.3177363,33.30400395
464,250260.4483,3688201.049,126.3177365,33.3040057
465,250260.4538,3688201.243,126.3177365,33.30400745
466,250260.4584,3688201.442,126.3177365,33.30400925
467,250260.4638,3688201.641,126.3177365,33.30401104
468,250260.4531,3688201.837,126.3177363,33.30401281
469,250260.4269,3688202.031,126.317736,33.30401455
470,250260.4025,3688202.224,126.3177357,33.30401628
471,250260.3748,3688202.419,126.3177353,33.30401802
472,250260.3569,3688202.615,126.3177351,33.30401979
473,250260.3259,3688202.809,126.3177347,33.30402153
474,250260.306,3688203.003,126.3177344,33.30402328
475,250260.3019,3688203.2,126.3177343,33.30402505
476,250260.2913,3688203.398,126.3177342,33.30402683
477,250260.2964,3688203.596,126.3177342,33.30402862
478,250260.3013,3688203.795,126.3177342,33.30403041
479,250260.322,3688203.99,126.3177343,33.30403217
480,250260.3442,3688204.187,126.3177345,33.30403395
481,250260.3803,3688204.382,126.3177349,33.30403572
482,250260.414,3688204.576,126.3177352,33.30403748
483,250260.462,3688204.768,126.3177356,33.30403921
484,250260.5251,3688204.955,126.3177362,33.30404092
485,250260.6072,3688205.134,126.3177371,33.30404255
486,250260.6942,3688205.302,126.317738,33.30404408
487,250260.7672,3688205.48,126.3177387,33.3040457
488,250260.8711,3688205.649,126.3177398,33.30404725
489,250260.9697,3688205.819,126.3177408,33.3040488
490,250261.0724,3688205.987,126.3177418,33.30405033
491,250261.1817,3688206.153,126.317743,33.30405186
492,250261.2963,3688206.315,126.3177441,33.30405334
493,250261.3941,3688206.475,126.3177452,33.30405481
494,250261.4821,3688206.647,126.317746,33.30405638
495,250261.569,3688206.821,126.3177469,33.30405796
496,250261.6706,3688206.984,126.317748,33.30405946
497,250261.7652,3688207.155,126.3177489,33.30406102
498,250261.857,3688207.331,126.3177499,33.30406263
499,250261.9183,3688207.516,126.3177505,33.30406431
500,250261.9427,3688207.707,126.3177507,33.30406604
501,250261.9912,3688207.883,126.3177512,33.30406763
502,250261.9961,3688208.081,126.3177512,33.30406942
503,250262.0007,3688208.28,126.3177512,33.30407121
504,250261.9756,3688208.475,126.3177508,33.30407296
505,250261.9489,3688208.668,126.3177505,33.3040747
506,250261.9099,3688208.858,126.31775,33.3040764
507,250261.8812,3688209.044,126.3177497,33.30407807
508,250261.8445,3688209.226,126.3177492,33.3040797
509,250261.7817,3688209.406,126.3177485,33.3040813
510,250261.7129,3688209.585,126.3177477,33.3040829
511,250261.6398,3688209.736,126.3177469,33.30408425
512,250261.5329,3688209.892,126.3177457,33.30408563
513,250261.4604,3688210.061,126.3177449,33.30408714
514,250261.3434,3688210.21,126.3177436,33.30408845
515,250261.24,3688210.376,126.3177424,33.30408992
516,250261.1259,3688210.537,126.3177412,33.30409134
517,250260.9928,3688210.657,126.3177397,33.3040924
518,250260.8741,3688210.774,126.3177384,33.30409342
519,250260.7678,3688210.911,126.3177372,33.30409464
520,250260.6137,3688211.029,126.3177355,33.30409566
521,250260.4623,3688211.149,126.3177339,33.3040967
522,250260.2939,3688211.236,126.317732,33.30409745
523,250260.126,3688211.32,126.3177302,33.30409817
524,250259.9411,3688211.383,126.3177282,33.30409869
525,250259.7546,3688211.44,126.3177262,33.30409917
526,250259.5669,3688211.445,126.3177242,33.30409917
527,250259.4199,3688211.43,126.3177226,33.304099
528,250259.2239,3688211.417,126.3177205,33.30409883
529,250259.0425,3688211.403,126.3177186,33.30409867
530,250258.8499,3688211.371,126.3177165,33.30409833
531,250258.6584,3688211.339,126.3177145,33.304098
532,250258.475,3688211.288,126.3177125,33.3040975
533,250258.2939,3688211.266,126.3177106,33.30409725
534,250258.1037,3688211.231,126.3177085,33.3040969
535,250257.9137,3688211.192,126.3177065,33.3040965
536,250257.7231,3688211.159,126.3177045,33.30409617
537,250257.5553,3688211.09,126.3177027,33.3040955
538,250257.3716,3688211.04,126.3177007,33.304095
539,250257.2069,3688210.987,126.317699,33.30409449
540,250257.0301,3688210.902,126.3176971,33.30409369
541,250256.8666,3688210.837,126.3176954,33.30409306
542,250256.6854,3688210.775,126.3176934,33.30409246
543,250256.514,3688210.694,126.3176916,33.30409169
544,250256.3482,3688210.621,126.3176899,33.304091
545,250256.1782,3688210.559,126.3176881,33.30409039
546,250256.0288,3688210.478,126.3176865,33.30408964
547,250255.8463,3688210.405,126.3176845,33.30408894
548,250255.6842,3688210.295,126.3176828,33.3040879
549,250255.5166,3688210.196,126.3176811,33.30408698
550,250255.3463,3688210.103,126.3176793,33.30408609
551,250255.1982,3688209.986,126.3176777,33.30408501
552,250255.0421,3688209.897,126.317676,33.30408417
553,250254.892,3688209.77,126.3176745,33.30408299
554,250254.7261,3688209.673,126.3176727,33.30408207
555,250254.5713,3688209.572,126.3176711,33.30408113
556,250254.4091,3688209.462,126.3176694,33.30408011
557,250254.2573,3688209.359,126.3176678,33.30407914
558,250254.0995,3688209.244,126.3176661,33.30407806
559,250253.9355,3688209.133,126.3176644,33.30407703
560,250253.7624,3688209.036,126.3176626,33.30407611
561,250253.5867,3688208.949,126.3176607,33.30407529
562,250253.3985,3688208.891,126.3176587,33.30407472
563,250253.2139,3688208.817,126.3176567,33.30407402
564,250253.0287,3688208.749,126.3176548,33.30407336
565,250252.8354,3688208.713,126.3176527,33.30407299
566,250252.6448,3688208.664,126.3176507,33.3040725
567,250252.4492,3688208.65,126.3176486,33.30407233
568,250252.2513,3688208.66,126.3176464,33.30407238
569,250252.0571,3688208.683,126.3176444,33.30407254
570,250251.8685,3688208.737,126.3176423,33.30407298
571,250251.6866,3688208.812,126.3176403,33.30407362
572,250251.5105,3688208.9,126.3176384,33.30407437
573,250251.3443,3688209.001,126.3176366,33.30407524
574,250251.1824,3688209.113,126.3176349,33.30407621
575,250251.0309,3688209.24,126.3176332,33.30407732
576,250250.8789,3688209.367,126.3176315,33.30407842
577,250250.7367,3688209.505,126.31763,33.30407964
578,250250.5995,3688209.64,126.3176285,33.30408083
579,250250.4539,3688209.773,126.3176269,33.30408199
580,250250.3121,3688209.904,126.3176253,33.30408313
581,250250.1719,3688210.04,126.3176238,33.30408433
582,250250.0299,3688210.178,126.3176222,33.30408554
583,250249.887,3688210.315,126.3176206,33.30408674
584,250249.7463,3688210.453,126.3176191,33.30408795
585,250249.6052,3688210.59,126.3176175,33.30408915
586,250249.4649,3688210.727,126.317616,33.30409035
587,250249.331,3688210.871,126.3176145,33.30409162
588,250249.1893,3688211.008,126.3176129,33.30409282
589,250249.0528,3688211.148,126.3176114,33.30409406
590,250248.9386,3688211.311,126.3176102,33.3040955
591,250248.8243,3688211.471,126.3176089,33.30409691
592,250248.7236,3688211.642,126.3176078,33.30409843
593,250248.6306,3688211.815,126.3176067,33.30409996
594,250248.529,3688211.983,126.3176056,33.30410145
595,250248.4359,3688212.159,126.3176045,33.30410302
596,250248.3517,3688212.339,126.3176036,33.30410462
597,250248.2827,3688212.521,126.3176028,33.30410625
598,250248.2037,3688212.701,126.3176019,33.30410785
599,250248.1463,3688212.891,126.3176012,33.30410955
600,250248.0957,3688213.083,126.3176006,33.30411127
601,250248.0509,3688213.276,126.3176001,33.30411299
602,250248.0219,3688213.469,126.3175997,33.30411473
603,250248.0051,3688213.666,126.3175995,33.3041165
604,250247.9945,3688213.862,126.3175993,33.30411826
605,250247.9837,3688214.057,126.3175992,33.30412002
606,250247.989,3688214.255,126.3175992,33.3041218
607,250247.9941,3688214.453,126.3175992,33.30412359
608,250247.9993,3688214.653,126.3175992,33.30412539
609,250248.0044,3688214.853,126.3175992,33.30412719
610,250248.0095,3688215.051,126.3175992,33.30412898
611,250248.0145,3688215.25,126.3175992,33.30413077
612,250248.0352,3688215.444,126.3175993,33.30413253
613,250248.0557,3688215.641,126.3175995,33.30413431
614,250248.0919,3688215.834,126.3175998,33.30413605
615,250248.1148,3688216.03,126.3176,33.30413782
616,250248.1615,3688216.22,126.3176005,33.30413955
617,250248.1868,3688216.415,126.3176007,33.30414131
618,250248.2214,3688216.609,126.317601,33.30414306
619,250248.2728,3688216.798,126.3176015,33.30414477
620,250248.3179,3688216.975,126.3176019,33.30414638
621,250248.3416,3688217.146,126.3176022,33.30414793
622,250248.3511,3688217.341,126.3176022,33.30414969
623,250248.3839,3688217.523,126.3176025,33.30415133
624,250248.4042,3688217.718,126.3176027,33.3041531
625,250248.432,3688217.904,126.3176029,33.30415478
626,250248.4459,3688218.088,126.317603,33.30415644
627,250248.4908,3688218.264,126.3176034,33.30415803
628,250248.5037,3688218.452,126.3176035,33.30415973
629,250248.5435,3688218.624,126.3176039,33.30416129
630,250248.5875,3688218.803,126.3176043,33.30416291
631,250248.6237,3688218.991,126.3176047,33.30416462
632,250248.6436,3688219.18,126.3176048,33.30416633
633,250248.6662,3688219.365,126.317605,33.304168
634,250248.6992,3688219.554,126.3176053,33.30416971
635,250248.705,3688219.748,126.3176053,33.30417146
636,250248.7258,3688219.937,126.3176055,33.30417317
637,250248.7267,3688220.115,126.3176055,33.30417477
638,250248.7214,3688220.312,126.3176054,33.30417655
639,250248.7308,3688220.462,126.3176054,33.3041779
640,250248.744,3688220.658,126.3176055,33.30417967
641,250248.7337,3688220.856,126.3176053,33.30418145
642,250248.7226,3688221.033,126.3176052,33.30418304
643,250248.6855,3688221.218,126.3176047,33.3041847
644,250248.6674,3688221.387,126.3176045,33.30418622
645,250248.5843,3688221.55,126.3176035,33.30418767
646,250248.537,3688221.723,126.317603,33.30418921
647,250248.448,3688221.888,126.317602,33.30419068
648,250248.3765,3688222.066,126.3176012,33.30419227
649,250248.2712,3688222.206,126.3176,33.3041935
650,250248.1941,3688222.378,126.3175991,33.30419503
651,250248.1144,3688222.54,126.3175982,33.30419648
652,250247.9992,3688222.688,126.3175969,33.30419779
653,250247.891,3688222.84,126.3175957,33.30419913
654,250247.7807,3688222.985,126.3175945,33.30420041
655,250247.6307,3688223.105,126.3175929,33.30420146
656,250247.5171,3688223.246,126.3175916,33.3042027
657,250247.3602,3688223.363,126.3175899,33.30420372
658,250247.1874,3688223.459,126.317588,33.30420454
659,250247.0166,3688223.551,126.3175862,33.30420533
660,250246.8301,3688223.612,126.3175841,33.30420584
661,250246.6716,3688223.681,126.3175824,33.30420642
662,250246.4873,3688223.731,126.3175804,33.30420683
663,250246.296,3688223.77,126.3175784,33.30420714
664,250246.122,3688223.796,126.3175765,33.30420733
665,250245.9257,3688223.82,126.3175744,33.3042075
666,250245.7732,3688223.842,126.3175727,33.30420766
667,250245.5875,3688223.793,126.3175708,33.30420718
668,250245.3989,3688223.791,126.3175687,33.30420712
669,250245.2166,3688223.745,126.3175668,33.30420667
670,250245.0276,3688223.702,126.3175648,33.30420623
671,250244.8653,3688223.665,126.3175631,33.30420586
672,250244.6749,3688223.63,126.317561,33.3042055
673,250244.5098,3688223.575,126.3175593,33.30420497
674,250244.319,3688223.538,126.3175572,33.30420459
675,250244.1293,3688223.496,126.3175552,33.30420417
676,250243.9404,3688223.445,126.3175532,33.30420367
677,250243.757,3688223.39,126.3175512,33.30420313
678,250243.5653,3688223.345,126.3175492,33.30420267
679,250243.3909,3688223.293,126.3175473,33.30420217
680,250243.2171,3688223.242,126.3175455,33.30420167
681,250243.0265,3688223.21,126.3175434,33.30420133
682,250242.8469,3688223.151,126.3175415,33.30420076
683,250242.6561,3688223.108,126.3175395,33.30420033
684,250242.4779,3688223.058,126.3175376,33.30419983
685,250242.2931,3688223.007,126.3175356,33.30419933
686,250242.1112,3688222.954,126.3175337,33.30419882
687,250241.9363,3688222.905,126.3175318,33.30419833
688,250241.7611,3688222.836,126.31753,33.30419768
689,250241.5908,3688222.787,126.3175282,33.30419719
690,250241.4105,3688222.74,126.3175262,33.30419672
691,250241.2326,3688222.683,126.3175243,33.30419617
692,250241.0415,3688222.638,126.3175223,33.30419572
693,250240.8823,3688222.586,126.3175206,33.30419522
694,250240.7086,3688222.511,126.3175188,33.3041945
695,250240.5237,3688222.478,126.3175168,33.30419416
696,250240.3385,3688222.412,126.3175148,33.30419352
697,250240.1546,3688222.359,126.3175129,33.304193
698,250239.9595,3688222.34,126.3175108,33.30419279
699,250239.7651,3688222.314,126.3175087,33.3041925
700,250239.5694,3688222.3,126.3175066,33.30419233
701,250239.3713,3688222.305,126.3175045,33.30419233
702,250239.1737,3688222.31,126.3175024,33.30419233
703,250238.9795,3688222.337,126.3175003,33.30419253
704,250238.7874,3688222.376,126.3174982,33.30419283
705,250238.5977,3688222.424,126.3174961,33.30419322
706,250238.4158,3688222.483,126.3174942,33.30419371
707,250238.2247,3688222.527,126.3174921,33.30419407
708,250238.0451,3688222.608,126.3174902,33.30419475
709,250237.867,3688222.689,126.3174882,33.30419544
710,250237.6942,3688222.783,126.3174863,33.30419625
711,250237.5189,3688222.873,126.3174844,33.30419702
712,250237.359,3688222.992,126.3174827,33.30419805
713,250237.1898,3688223.093,126.3174809,33.30419893
714,250237.0315,3688223.213,126.3174791,33.30419998
715,250236.8728,3688223.334,126.3174774,33.30420102
716,250236.7137,3688223.454,126.3174756,33.30420207
717,250236.5718,3688223.591,126.3174741,33.30420327
718,250236.437,3688223.737,126.3174726,33.30420455
719,250236.2994,3688223.876,126.3174711,33.30420578
720,250236.1879,3688224.034,126.3174698,33.30420717
721,250236.0639,3688224.188,126.3174685,33.30420853
722,250235.9389,3688224.344,126.3174671,33.3042099
723,250235.83,3688224.508,126.3174659,33.30421136
724,250235.7229,3688224.673,126.3174647,33.30421282
725,250235.6297,3688224.847,126.3174636,33.30421437
726,250235.5351,3688225.02,126.3174626,33.3042159
727,250235.4494,3688225.2,126.3174616,33.30421751
728,250235.3697,3688225.381,126.3174607,33.30421912
729,250235.3065,3688225.567,126.31746,33.30422079
730,250235.2435,3688225.754,126.3174592,33.30422245
731,250235.1994,3688225.947,126.3174587,33.30422418
732,250235.1375,3688226.135,126.317458,33.30422586
733,250235.0894,3688226.326,126.3174574,33.30422757
734,250235.041,3688226.518,126.3174568,33.30422929
735,250235.0127,3688226.714,126.3174565,33.30423105
736,250234.9717,3688226.903,126.317456,33.30423274
737,250234.9373,3688227.091,126.3174556,33.30423443
738,250234.9195,3688227.284,126.3174553,33.30423617
739,250234.8912,3688227.478,126.317455,33.3042379
740,250234.852,3688227.672,126.3174545,33.30423964
741,250234.8256,3688227.866,126.3174542,33.30424139
742,250234.8066,3688228.052,126.3174539,33.30424306
743,250234.7894,3688228.244,126.3174537,33.30424479
744,250234.7971,3688228.437,126.3174537,33.30424652
745,250234.798,3688228.601,126.3174537,33.304248
746,250234.7875,3688228.797,126.3174535,33.30424976
747,250234.8083,3688228.994,126.3174537,33.30425154
748,250234.8039,3688229.189,126.3174536,33.3042533
749,250234.8027,3688229.387,126.3174535,33.30425509
750,250234.8079,3688229.587,126.3174535,33.30425689
751,250234.813,3688229.785,126.3174535,33.30425867
752,250234.8181,3688229.985,126.3174535,33.30426047
753,250234.8119,3688230.183,126.3174534,33.30426226
754,250234.8202,3688230.38,126.3174534,33.30426403
755,250234.8152,3688230.566,126.3174533,33.30426571
756,250234.8222,3688230.748,126.3174533,33.30426735
757,250234.8216,3688230.94,126.3174533,33.30426908
758,250234.7975,3688231.128,126.317453,33.30427076
759,250234.7903,3688231.318,126.3174528,33.30427248
760,250234.7485,3688231.504,126.3174523,33.30427415
761,250234.7087,3688231.693,126.3174519,33.30427584
762,250234.6504,3688231.866,126.3174512,33.30427738
763,250234.616,3688232.053,126.3174508,33.30427906
764,250234.567,3688232.23,126.3174502,33.30428065
765,250234.5014,3688232.388,126.3174494,33.30428205
766,250234.4497,3688232.573,126.3174488,33.3042837
767,250234.3789,3688232.725,126.317448,33.30428506
768,250234.3334,3688232.88,126.3174475,33.30428645
769,250234.2602,3688233.054,126.3174467,33.304288
770,250234.1655,3688233.218,126.3174456,33.30428946
771,250234.0706,3688233.39,126.3174445,33.30429098
772,250233.9596,3688233.528,126.3174433,33.3042922
773,250233.8482,3688233.686,126.3174421,33.3042936
774,250233.6928,3688233.804,126.3174404,33.30429462
775,250233.5374,3688233.914,126.3174387,33.30429558
776,250233.4092,3688234.006,126.3174373,33.30429638
777,250233.2698,3688234.079,126.3174358,33.304297
778,250233.1115,3688234.157,126.317434,33.30429767
779,250232.9573,3688234.233,126.3174324,33.30429832
780,250232.785,3688234.306,126.3174305,33.30429893
781,250232.598,3688234.361,126.3174285,33.30429939
782,250232.4051,3688234.397,126.3174264,33.30429967
783,250232.2295,3688234.42,126.3174245,33.30429983
784,250232.0509,3688234.426,126.3174226,33.30429985
785,250231.866,3688234.413,126.3174206,33.30429968
786,250231.6857,3688234.415,126.3174187,33.30429967
787,250231.4995,3688234.412,126.3174167,33.3042996
788,250231.3134,3688234.395,126.3174147,33.3042994
789,250231.1433,3688234.411,126.3174128,33.3042995
790,250230.9457,3688234.397,126.3174107,33.30429933
791,250230.7492,3688234.384,126.3174086,33.30429917
792,250230.5768,3688234.363,126.3174068,33.30429894
793,250230.3831,3688234.325,126.3174047,33.30429855
794,250230.1894,3688234.303,126.3174026,33.30429831
795,250229.9975,3688234.255,126.3174006,33.30429783
796,250229.8111,3688234.209,126.3173986,33.30429737
797,250229.6241,3688234.17,126.3173966,33.30429697
798,250229.4384,3688234.122,126.3173946,33.3042965
799,250229.2517,3688234.08,126.3173926,33.30429608
800,250229.069,3688234.02,126.3173907,33.3042955
801,250228.8781,3688233.976,126.3173887,33.30429506
802,250228.6895,3688233.93,126.3173867,33.3042946
803,250228.511,3688233.866,126.3173848,33.30429398
804,250228.3291,3688233.809,126.3173828,33.30429343
805,250228.1418,3688233.757,126.3173808,33.30429291
806,250227.9599,3688233.697,126.3173789,33.30429233
807,250227.7698,3688233.665,126.3173769,33.304292
808,250227.597,3688233.601,126.317375,33.30429138
809,250227.4079,3688233.564,126.317373,33.304291
810,250227.2175,3688233.533,126.317371,33.30429068
811,250227.0293,3688233.503,126.317369,33.30429037
812,250226.8363,3688233.455,126.3173669,33.30428989
813,250226.6397,3688233.435,126.3173648,33.30428967
814,250226.4445,3688233.422,126.3173627,33.3042895
815,250226.4445,3688233.422,126.3173627,33.3042895
816,250226.3195,3688233.413,126.3173614,33.3042894
817,250226.1946,3688233.405,126.31736,33.30428929
818,250226.0696,3688233.397,126.3173587,33.30428919
819,250225.9221,3688233.525,126.3173571,33.3042903
820,250225.7742,3688233.659,126.3173554,33.30429148
821,250225.6168,3688233.778,126.3173537,33.30429252
822,250225.47,3688233.911,126.3173521,33.30429368
823,250225.3233,3688234.043,126.3173505,33.30429483
824,250225.1765,3688234.174,126.3173489,33.30429598
825,250225.0287,3688234.307,126.3173473,33.30429714
826,250224.8822,3688234.435,126.3173457,33.30429826
827,250224.7443,3688234.569,126.3173441,33.30429944
828,250224.5996,3688234.705,126.3173426,33.30430063
829,250224.4528,3688234.84,126.3173409,33.30430181
830,250224.301,3688234.961,126.3173393,33.30430287
831,250224.1558,3688235.097,126.3173377,33.30430407
832,250224.0269,3688235.227,126.3173363,33.3043052
833,250223.8866,3688235.365,126.3173347,33.30430642
834,250223.7351,3688235.493,126.3173331,33.30430753
835,250223.5855,3688235.623,126.3173314,33.30430867
836,250223.4444,3688235.758,126.3173299,33.30430985
837,250223.2886,3688235.877,126.3173282,33.30431089
838,250223.148,3688236.014,126.3173266,33.3043121
839,250223.0104,3688236.159,126.3173251,33.30431337
840,250222.8695,3688236.295,126.3173235,33.30431456
841,250222.7295,3688236.435,126.317322,33.30431579
842,250222.5838,3688236.571,126.3173204,33.30431698
843,250222.4554,3688236.724,126.317319,33.30431833
844,250222.316,3688236.867,126.3173175,33.30431958
845,250222.1912,3688237.018,126.3173161,33.30432092
846,250222.056,3688237.158,126.3173146,33.30432214
847,250221.9297,3688237.308,126.3173132,33.30432347
848,250221.7922,3688237.453,126.3173117,33.30432474
849,250221.6642,3688237.606,126.3173103,33.30432609
850,250221.5466,3688237.764,126.3173089,33.30432748
851,250221.3995,3688237.899,126.3173073,33.30432867
852,250221.2768,3688238.054,126.317306,33.30433003
853,250221.1432,3688238.201,126.3173045,33.30433133
854,250221.0095,3688238.349,126.317303,33.30433263
855,250220.8891,3688238.502,126.3173017,33.30433399
856,250220.7597,3688238.644,126.3173003,33.30433523
857,250220.6502,3688238.795,126.317299,33.30433657
858,250220.5287,3688238.953,126.3172977,33.30433797
859,250220.4116,3688239.112,126.3172964,33.30433937
860,250220.2851,3688239.259,126.317295,33.30434067
861,250220.1647,3688239.41,126.3172937,33.304342
862,250220.0444,3688239.562,126.3172923,33.30434334
863,250219.9261,3688239.702,126.317291,33.30434457
864,250219.7966,3688239.853,126.3172896,33.30434591
865,250219.6741,3688240.006,126.3172882,33.30434725
866,250219.5628,3688240.166,126.317287,33.30434867
867,250219.4354,3688240.313,126.3172856,33.30434997
868,250219.3182,3688240.473,126.3172843,33.30435138
869,250219.1887,3688240.61,126.3172829,33.30435259
870,250219.0582,3688240.762,126.3172814,33.30435392
871,250218.9251,3688240.907,126.31728,33.3043552
872,250218.8036,3688241.061,126.3172786,33.30435656
873,250218.679,3688241.213,126.3172772,33.3043579
874,250218.5495,3688241.362,126.3172758,33.30435921
875,250218.4169,3688241.508,126.3172743,33.3043605
876,250218.2866,3688241.659,126.3172729,33.30436182
877,250218.1513,3688241.804,126.3172714,33.3043631
878,250218.0199,3688241.946,126.31727,33.30436435
879,250217.8896,3688242.094,126.3172685,33.30436565
880,250217.7568,3688242.243,126.317267,33.30436696
881,250217.6185,3688242.387,126.3172655,33.30436823
882,250217.4845,3688242.527,126.317264,33.30436946
883,250217.3551,3688242.67,126.3172626,33.30437072
884,250217.2166,3688242.808,126.3172611,33.30437193
885,250217.0853,3688242.951,126.3172596,33.30437319
886,250216.9453,3688243.091,126.3172581,33.30437442
887,250216.8055,3688243.229,126.3172566,33.30437563
888,250216.6585,3688243.354,126.317255,33.30437672
889,250216.5131,3688243.482,126.3172534,33.30437784
890,250216.3689,3688243.612,126.3172518,33.30437898
891,250216.2118,3688243.732,126.3172501,33.30438002
892,250216.0655,3688243.857,126.3172485,33.30438112
893,250215.9129,3688243.981,126.3172468,33.3043822
894,250215.7606,3688244.094,126.3172451,33.30438318
895,250215.6071,3688244.219,126.3172434,33.30438427
896,250215.4505,3688244.343,126.3172417,33.30438535
897,250215.2942,3688244.466,126.31724,33.30438643
898,250215.1411,3688244.587,126.3172383,33.30438748
899,250214.9841,3688244.708,126.3172366,33.30438854
900,250214.842,3688244.84,126.3172351,33.30438969
901,250214.6871,3688244.965,126.3172334,33.30439078
902,250214.5483,3688245.103,126.3172318,33.30439199
903,250214.3987,3688245.229,126.3172302,33.30439309
904,250214.2557,3688245.362,126.3172286,33.30439426
905,250214.1195,3688245.503,126.3172271,33.30439549
906,250213.9747,3688245.64,126.3172255,33.3043967
907,250213.8377,3688245.78,126.317224,33.30439793
908,250213.7044,3688245.922,126.3172225,33.30439917
909,250213.5703,3688246.064,126.3172211,33.30440042
910,250213.4445,3688246.214,126.3172197,33.30440174
911,250213.3184,3688246.361,126.3172183,33.30440304
912,250213.183,3688246.508,126.3172168,33.30440434
913,250213.0559,3688246.655,126.3172154,33.30440563
914,250212.9317,3688246.809,126.317214,33.30440699
915,250212.8112,3688246.962,126.3172127,33.30440833
916,250212.6789,3688247.108,126.3172112,33.30440962
917,250212.5512,3688247.256,126.3172098,33.30441093
918,250212.4267,3688247.407,126.3172084,33.30441225
919,250212.2918,3688247.548,126.3172069,33.30441349
920,250212.1645,3688247.695,126.3172055,33.30441479
921,250212.0429,3688247.846,126.3172042,33.30441613
922,250211.9046,3688247.99,126.3172027,33.30441739
923,250211.769,3688248.13,126.3172012,33.30441862
924,250211.6308,3688248.271,126.3171997,33.30441985
925,250211.492,3688248.412,126.3171981,33.3044211
926,250211.3609,3688248.553,126.3171967,33.30442234
927,250211.2259,3688248.699,126.3171952,33.30442362
928,250211.0952,3688248.848,126.3171937,33.30442493
929,250210.9578,3688248.992,126.3171922,33.3044262
930,250210.8141,3688249.128,126.3171907,33.30442739
931,250210.6818,3688249.276,126.3171892,33.30442869
932,250210.5388,3688249.41,126.3171876,33.30442987
933,250210.4096,3688249.556,126.3171862,33.30443116
934,250210.2669,3688249.69,126.3171846,33.30443233
935,250210.1265,3688249.832,126.3171831,33.30443357
936,250209.986,3688249.967,126.3171815,33.30443475
937,250209.8443,3688250.104,126.31718,33.30443596
938,250209.696,3688250.232,126.3171783,33.30443707
939,250209.5582,3688250.375,126.3171768,33.30443833
940,250209.4275,3688250.521,126.3171754,33.30443962
941,250209.2882,3688250.658,126.3171739,33.30444082
942,250209.1319,3688250.777,126.3171721,33.30444186
943,250209.0284,3688250.901,126.317171,33.30444294
